#log_classic_green

#line: 0, #000020
0,0,0,32
#line: 1, #000020
1,0,0,32
#line: 2, #000021
2,0,0,33
#line: 3, #000021
3,0,0,33
#line: 4, #000021
4,0,0,33
#line: 5, #000021
5,0,0,33
#line: 6, #000022
6,0,0,34
#line: 7, #000022
7,0,0,34
#line: 8, #000022
8,0,0,34
#line: 9, #000022
9,0,0,34
#line: 10, #000022
10,0,0,34
#line: 11, #000023
11,0,0,35
#line: 12, #000023
12,0,0,35
#line: 13, #000023
13,0,0,35
#line: 14, #000023
14,0,0,35
#line: 15, #000023
15,0,0,35
#line: 16, #000024
16,0,0,36
#line: 17, #000024
17,0,0,36
#line: 18, #000024
18,0,0,36
#line: 19, #000024
19,0,0,36
#line: 20, #000025
20,0,0,37
#line: 21, #000025
21,0,0,37
#line: 22, #000025
22,0,0,37
#line: 23, #000025
23,0,0,37
#line: 24, #000026
24,0,0,38
#line: 25, #000026
25,0,0,38
#line: 26, #000026
26,0,0,38
#line: 27, #000026
27,0,0,38
#line: 28, #000027
28,0,0,39
#line: 29, #000027
29,0,0,39
#line: 30, #000027
30,0,0,39
#line: 31, #000027
31,0,0,39
#line: 32, #000027
32,0,0,39
#line: 33, #000028
33,0,0,40
#line: 34, #000028
34,0,0,40
#line: 35, #000028
35,0,0,40
#line: 36, #000028
36,0,0,40
#line: 37, #000029
37,0,0,41
#line: 38, #000029
38,0,0,41
#line: 39, #000029
39,0,0,41
#line: 40, #000029
40,0,0,41
#line: 41, #00002A
41,0,0,42
#line: 42, #00002A
42,0,0,42
#line: 43, #00002A
43,0,0,42
#line: 44, #00002A
44,0,0,42
#line: 45, #00002B
45,0,0,43
#line: 46, #00002B
46,0,0,43
#line: 47, #00002B
47,0,0,43
#line: 48, #00002B
48,0,0,43
#line: 49, #00002C
49,0,0,44
#line: 50, #00002C
50,0,0,44
#line: 51, #00002C
51,0,0,44
#line: 52, #00002D
52,0,0,45
#line: 53, #00002D
53,0,0,45
#line: 54, #00002D
54,0,0,45
#line: 55, #00002D
55,0,0,45
#line: 56, #00002E
56,0,0,46
#line: 57, #00002E
57,0,0,46
#line: 58, #00002E
58,0,0,46
#line: 59, #00002E
59,0,0,46
#line: 60, #00002F
60,0,0,47
#line: 61, #00002F
61,0,0,47
#line: 62, #00002F
62,0,0,47
#line: 63, #000030
63,0,0,48
#line: 64, #000030
64,0,0,48
#line: 65, #000030
65,0,0,48
#line: 66, #000031
66,0,0,49
#line: 67, #000031
67,0,0,49
#line: 68, #000032
68,0,0,50
#line: 69, #000033
69,0,0,51
#line: 70, #000033
70,0,0,51
#line: 71, #000034
71,0,0,52
#line: 72, #000034
72,0,0,52
#line: 73, #000035
73,0,0,53
#line: 74, #000035
74,0,0,53
#line: 75, #000036
75,0,0,54
#line: 76, #000037
76,0,0,55
#line: 77, #000037
77,0,0,55
#line: 78, #000038
78,0,0,56
#line: 79, #000038
79,0,0,56
#line: 80, #000039
80,0,0,57
#line: 81, #00003A
81,0,0,58
#line: 82, #00003A
82,0,0,58
#line: 83, #00003B
83,0,0,59
#line: 84, #00003C
84,0,0,60
#line: 85, #00003C
85,0,0,60
#line: 86, #00003D
86,0,0,61
#line: 87, #00003D
87,0,0,61
#line: 88, #00003E
88,0,0,62
#line: 89, #00003F
89,0,0,63
#line: 90, #00003F
90,0,0,63
#line: 91, #000040
91,0,0,64
#line: 92, #000041
92,0,0,65
#line: 93, #000041
93,0,0,65
#line: 94, #000042
94,0,0,66
#line: 95, #000043
95,0,0,67
#line: 96, #000043
96,0,0,67
#line: 97, #000044
97,0,0,68
#line: 98, #000045
98,0,0,69
#line: 99, #000045
99,0,0,69
#line: 100, #000046
100,0,0,70
#line: 101, #000047
101,0,0,71
#line: 102, #000048
102,0,0,72
#line: 103, #000048
103,0,0,72
#line: 104, #000049
104,0,0,73
#line: 105, #00004A
105,0,0,74
#line: 106, #00004A
106,0,0,74
#line: 107, #00004B
107,0,0,75
#line: 108, #00004C
108,0,0,76
#line: 109, #00004D
109,0,0,77
#line: 110, #00004D
110,0,0,77
#line: 111, #00004E
111,0,0,78
#line: 112, #00004F
112,0,0,79
#line: 113, #000050
113,0,0,80
#line: 114, #000051
114,0,0,81
#line: 115, #000052
115,0,0,82
#line: 116, #000054
116,0,0,84
#line: 117, #000055
117,0,0,85
#line: 118, #000057
118,0,0,87
#line: 119, #000058
119,0,0,88
#line: 120, #00005A
120,0,0,90
#line: 121, #00005C
121,0,0,92
#line: 122, #00005D
122,0,0,93
#line: 123, #00005F
123,0,0,95
#line: 124, #000060
124,0,0,96
#line: 125, #000062
125,0,0,98
#line: 126, #000064
126,0,0,100
#line: 127, #000066
127,0,0,102
#line: 128, #000067
128,0,0,103
#line: 129, #000069
129,0,0,105
#line: 130, #00006B
130,0,0,107
#line: 131, #00006C
131,0,0,108
#line: 132, #00006E
132,0,0,110
#line: 133, #000070
133,0,0,112
#line: 134, #000072
134,0,0,114
#line: 135, #000073
135,0,0,115
#line: 136, #000075
136,0,0,117
#line: 137, #000077
137,0,0,119
#line: 138, #000079
138,0,0,121
#line: 139, #00007B
139,0,0,123
#line: 140, #00007D
140,0,0,125
#line: 141, #00007F
141,0,0,127
#line: 142, #000080
142,0,0,128
#line: 143, #000082
143,0,0,130
#line: 144, #000084
144,0,0,132
#line: 145, #000086
145,0,0,134
#line: 146, #000088
146,0,0,136
#line: 147, #00008A
147,0,0,138
#line: 148, #00008C
148,0,0,140
#line: 149, #00008E
149,0,0,142
#line: 150, #000090
150,0,0,144
#line: 151, #010393
151,1,3,147
#line: 152, #020797
152,2,7,151
#line: 153, #030C9A
153,3,12,154
#line: 154, #04119E
154,4,17,158
#line: 155, #0416A1
155,4,22,161
#line: 156, #051AA5
156,5,26,165
#line: 157, #061FA9
157,6,31,169
#line: 158, #0824AD
158,8,36,173
#line: 159, #0929B0
159,9,41,176
#line: 160, #0A2EB4
160,10,46,180
#line: 161, #0B33B8
161,11,51,184
#line: 162, #0C38BC
162,12,56,188
#line: 163, #0D3DC0
163,13,61,192
#line: 164, #0E42C4
164,14,66,196
#line: 165, #0F47C8
165,15,71,200
#line: 166, #104DCC
166,16,77,204
#line: 167, #1152D0
167,17,82,208
#line: 168, #1258D4
168,18,88,212
#line: 169, #135DD8
169,19,93,216
#line: 170, #1562DC
170,21,98,220
#line: 171, #1668E0
171,22,104,224
#line: 172, #176EE5
172,23,110,229
#line: 173, #1873E9
173,24,115,233
#line: 174, #1979EE
174,25,121,238
#line: 175, #1A7FF2
175,26,127,242
#line: 176, #1C85F7
176,28,133,247
#line: 177, #1D8BFB
177,29,139,251
#line: 178, #1F91FE
178,31,145,254
#line: 179, #2295F8
179,34,149,248
#line: 180, #259AF1
180,37,154,241
#line: 181, #289FEA
181,40,159,234
#line: 182, #2BA4E4
182,43,164,228
#line: 183, #2FA9DD
183,47,169,221
#line: 184, #32AED6
184,50,174,214
#line: 185, #35B3CF
185,53,179,207
#line: 186, #39B8C8
186,57,184,200
#line: 187, #3CBDC1
187,60,189,193
#line: 188, #40C2BA
188,64,194,186
#line: 189, #43C8B2
189,67,200,178
#line: 190, #47CDAB
190,71,205,171
#line: 191, #4BD3A3
191,75,211,163
#line: 192, #4FD89C
192,79,216,156
#line: 193, #52DE94
193,82,222,148
#line: 194, #56E48C
194,86,228,140
#line: 195, #5AE984
195,90,233,132
#line: 196, #5EEF7C
196,94,239,124
#line: 197, #62F574
197,98,245,116
#line: 198, #66FC6B
198,102,252,107
#line: 199, #68FE68
199,104,254,104
#line: 200, #68FE68
200,104,254,104
#line: 201, #68FE67
201,104,254,103
#line: 202, #68FE67
202,104,254,103
#line: 203, #68FE67
203,104,254,103
#line: 204, #68FE67
204,104,254,103
#line: 205, #68FE66
205,104,254,102
#line: 206, #68FE66
206,104,254,102
#line: 207, #68FE66
207,104,254,102
#line: 208, #68FE66
208,104,254,102
#line: 209, #68FE65
209,104,254,101
#line: 210, #68FE65
210,104,254,101
#line: 211, #68FE65
211,104,254,101
#line: 212, #68FE65
212,104,254,101
#line: 213, #68FE64
213,104,254,100
#line: 214, #6BFC63
214,107,252,99
#line: 215, #76F05D
215,118,240,93
#line: 216, #82E557
216,130,229,87
#line: 217, #8ED950
217,142,217,80
#line: 218, #9ACE4A
218,154,206,74
#line: 219, #A7C143
219,167,193,67
#line: 220, #B4B53D
220,180,181,61
#line: 221, #C1A836
221,193,168,54
#line: 222, #CF9B2F
222,207,155,47
#line: 223, #DD8D27
223,221,141,39
#line: 224, #EB7F20
224,235,127,32
#line: 225, #FA7118
225,250,113,24
#line: 226, #FE6D16
226,254,109,22
#line: 227, #FE6D16
227,254,109,22
#line: 228, #FE6D16
228,254,109,22
#line: 229, #FE6D16
229,254,109,22
#line: 230, #FE6D16
230,254,109,22
#line: 231, #FE6D16
231,254,109,22
#line: 232, #FE6D16
232,254,109,22
#line: 233, #FE6D16
233,254,109,22
#line: 234, #FE6B16
234,254,107,22
#line: 235, #FE5C13
235,254,92,19
#line: 236, #FE4D0F
236,254,77,15
#line: 237, #FE3C0C
237,254,60,12
#line: 238, #FE2B09
238,254,43,9
#line: 239, #FE1905
239,254,25,5
#line: 240, #FE0701
240,254,7,1
#line: 241, #FE0000
241,254,0,0
#line: 242, #FE0000
242,254,0,0
#line: 243, #FE0000
243,254,0,0
#line: 244, #FE0000
244,254,0,0
#line: 245, #FE0000
245,254,0,0
#line: 246, #F20000
246,242,0,0
#line: 247, #E40000
247,228,0,0
#line: 248, #D30000
248,211,0,0
#line: 249, #C30000
249,195,0,0
#line: 250, #B60000
250,182,0,0
#line: 251, #A70000
251,167,0,0
#line: 252, #950000
252,149,0,0
#line: 253, #800000
253,128,0,0
#line: 254, #6A0000
254,106,0,0
#line: 255, #500000
255,80,0,0