#log_classic

#line: 0, #000020
0,0,0,32
#line: 1, #000020
1,0,0,32
#line: 2, #000021
2,0,0,33
#line: 3, #000021
3,0,0,33
#line: 4, #000021
4,0,0,33
#line: 5, #000021
5,0,0,33
#line: 6, #000022
6,0,0,34
#line: 7, #000022
7,0,0,34
#line: 8, #000022
8,0,0,34
#line: 9, #000022
9,0,0,34
#line: 10, #000022
10,0,0,34
#line: 11, #000023
11,0,0,35
#line: 12, #000023
12,0,0,35
#line: 13, #000023
13,0,0,35
#line: 14, #000023
14,0,0,35
#line: 15, #000024
15,0,0,36
#line: 16, #000024
16,0,0,36
#line: 17, #000024
17,0,0,36
#line: 18, #000024
18,0,0,36
#line: 19, #000024
19,0,0,36
#line: 20, #000025
20,0,0,37
#line: 21, #000025
21,0,0,37
#line: 22, #000025
22,0,0,37
#line: 23, #000025
23,0,0,37
#line: 24, #000026
24,0,0,38
#line: 25, #000026
25,0,0,38
#line: 26, #000026
26,0,0,38
#line: 27, #000026
27,0,0,38
#line: 28, #000027
28,0,0,39
#line: 29, #000027
29,0,0,39
#line: 30, #000027
30,0,0,39
#line: 31, #000027
31,0,0,39
#line: 32, #000028
32,0,0,40
#line: 33, #000028
33,0,0,40
#line: 34, #000028
34,0,0,40
#line: 35, #000028
35,0,0,40
#line: 36, #000028
36,0,0,40
#line: 37, #000029
37,0,0,41
#line: 38, #000029
38,0,0,41
#line: 39, #000029
39,0,0,41
#line: 40, #000029
40,0,0,41
#line: 41, #00002A
41,0,0,42
#line: 42, #00002A
42,0,0,42
#line: 43, #00002A
43,0,0,42
#line: 44, #00002B
44,0,0,43
#line: 45, #00002B
45,0,0,43
#line: 46, #00002B
46,0,0,43
#line: 47, #00002B
47,0,0,43
#line: 48, #00002C
48,0,0,44
#line: 49, #00002C
49,0,0,44
#line: 50, #00002C
50,0,0,44
#line: 51, #00002C
51,0,0,44
#line: 52, #00002D
52,0,0,45
#line: 53, #00002D
53,0,0,45
#line: 54, #00002D
54,0,0,45
#line: 55, #00002D
55,0,0,45
#line: 56, #00002E
56,0,0,46
#line: 57, #00002E
57,0,0,46
#line: 58, #00002E
58,0,0,46
#line: 59, #00002F
59,0,0,47
#line: 60, #00002F
60,0,0,47
#line: 61, #00002F
61,0,0,47
#line: 62, #00002F
62,0,0,47
#line: 63, #000030
63,0,0,48
#line: 64, #000030
64,0,0,48
#line: 65, #000030
65,0,0,48
#line: 66, #000031
66,0,0,49
#line: 67, #000032
67,0,0,50
#line: 68, #000032
68,0,0,50
#line: 69, #000033
69,0,0,51
#line: 70, #000033
70,0,0,51
#line: 71, #000034
71,0,0,52
#line: 72, #000034
72,0,0,52
#line: 73, #000035
73,0,0,53
#line: 74, #000036
74,0,0,54
#line: 75, #000036
75,0,0,54
#line: 76, #000037
76,0,0,55
#line: 77, #000037
77,0,0,55
#line: 78, #000038
78,0,0,56
#line: 79, #000039
79,0,0,57
#line: 80, #000039
80,0,0,57
#line: 81, #00003A
81,0,0,58
#line: 82, #00003A
82,0,0,58
#line: 83, #00003B
83,0,0,59
#line: 84, #00003C
84,0,0,60
#line: 85, #00003C
85,0,0,60
#line: 86, #00003D
86,0,0,61
#line: 87, #00003E
87,0,0,62
#line: 88, #00003E
88,0,0,62
#line: 89, #00003F
89,0,0,63
#line: 90, #000040
90,0,0,64
#line: 91, #000040
91,0,0,64
#line: 92, #000041
92,0,0,65
#line: 93, #000042
93,0,0,66
#line: 94, #000042
94,0,0,66
#line: 95, #000043
95,0,0,67
#line: 96, #000044
96,0,0,68
#line: 97, #000044
97,0,0,68
#line: 98, #000045
98,0,0,69
#line: 99, #000046
99,0,0,70
#line: 100, #000046
100,0,0,70
#line: 101, #000047
101,0,0,71
#line: 102, #000048
102,0,0,72
#line: 103, #000048
103,0,0,72
#line: 104, #000049
104,0,0,73
#line: 105, #00004A
105,0,0,74
#line: 106, #00004B
106,0,0,75
#line: 107, #00004B
107,0,0,75
#line: 108, #00004C
108,0,0,76
#line: 109, #00004D
109,0,0,77
#line: 110, #00004E
110,0,0,78
#line: 111, #00004E
111,0,0,78
#line: 112, #00004F
112,0,0,79
#line: 113, #000050
113,0,0,80
#line: 114, #000051
114,0,0,81
#line: 115, #000053
115,0,0,83
#line: 116, #000054
116,0,0,84
#line: 117, #000056
117,0,0,86
#line: 118, #000057
118,0,0,87
#line: 119, #000059
119,0,0,89
#line: 120, #00005B
120,0,0,91
#line: 121, #00005C
121,0,0,92
#line: 122, #00005E
122,0,0,94
#line: 123, #00005F
123,0,0,95
#line: 124, #000061
124,0,0,97
#line: 125, #000063
125,0,0,99
#line: 126, #000064
126,0,0,100
#line: 127, #000066
127,0,0,102
#line: 128, #000068
128,0,0,104
#line: 129, #00006A
129,0,0,106
#line: 130, #00006B
130,0,0,107
#line: 131, #00006D
131,0,0,109
#line: 132, #00006F
132,0,0,111
#line: 133, #000071
133,0,0,113
#line: 134, #000072
134,0,0,114
#line: 135, #000074
135,0,0,116
#line: 136, #000076
136,0,0,118
#line: 137, #000078
137,0,0,120
#line: 138, #00007A
138,0,0,122
#line: 139, #00007B
139,0,0,123
#line: 140, #00007D
140,0,0,125
#line: 141, #00007F
141,0,0,127
#line: 142, #000081
142,0,0,129
#line: 143, #000083
143,0,0,131
#line: 144, #000085
144,0,0,133
#line: 145, #000087
145,0,0,135
#line: 146, #000089
146,0,0,137
#line: 147, #00008B
147,0,0,139
#line: 148, #00008D
148,0,0,141
#line: 149, #00008F
149,0,0,143
#line: 150, #000091
150,0,0,145
#line: 151, #010594
151,1,5,148
#line: 152, #020998
152,2,9,152
#line: 153, #030E9C
153,3,14,156
#line: 154, #04139F
154,4,19,159
#line: 155, #0517A3
155,5,23,163
#line: 156, #061CA6
156,6,28,166
#line: 157, #0721AA
157,7,33,170
#line: 158, #0826AE
158,8,38,174
#line: 159, #092BB2
159,9,43,178
#line: 160, #0A30B5
160,10,48,181
#line: 161, #0B35B9
161,11,53,185
#line: 162, #0C3ABD
162,12,58,189
#line: 163, #0D3FC1
163,13,63,193
#line: 164, #0E44C5
164,14,68,197
#line: 165, #0F49C9
165,15,73,201
#line: 166, #104FCD
166,16,79,205
#line: 167, #1254D1
167,18,84,209
#line: 168, #1359D5
168,19,89,213
#line: 169, #145FDA
169,20,95,218
#line: 170, #1564DE
170,21,100,222
#line: 171, #166AE2
171,22,106,226
#line: 172, #1770E6
172,23,112,230
#line: 173, #1875EB
173,24,117,235
#line: 174, #1A7BEF
174,26,123,239
#line: 175, #1B81F4
175,27,129,244
#line: 176, #1C87F8
176,28,135,248
#line: 177, #1D8DFD
177,29,141,253
#line: 178, #2392FF
178,35,146,255
#line: 179, #2C97FF
179,44,151,255
#line: 180, #369CFF
180,54,156,255
#line: 181, #40A1FF
181,64,161,255
#line: 182, #4AA6FF
182,74,166,255
#line: 183, #54AAFF
183,84,170,255
#line: 184, #5EAFFF
184,94,175,255
#line: 185, #68B5FF
185,104,181,255
#line: 186, #73BAFF
186,115,186,255
#line: 187, #7EBFFF
187,126,191,255
#line: 188, #88C4FF
188,136,196,255
#line: 189, #93CAFE
189,147,202,254
#line: 190, #9ECFFE
190,158,207,254
#line: 191, #AAD5FE
191,170,213,254
#line: 192, #B5DAFE
192,181,218,254
#line: 193, #C0E0FE
193,192,224,254
#line: 194, #CCE6FE
194,204,230,254
#line: 195, #D8EBFE
195,216,235,254
#line: 196, #E4F1FE
196,228,241,254
#line: 197, #F1F7FE
197,241,247,254
#line: 198, #FDFEFE
198,253,254,254
#line: 199, #FEFEF1
199,254,254,241
#line: 200, #FEFEE3
200,254,254,227
#line: 201, #FEFED5
201,254,254,213
#line: 202, #FEFEC6
202,254,254,198
#line: 203, #FEFEB7
203,254,254,183
#line: 204, #FEFEA8
204,254,254,168
#line: 205, #FEFE99
205,254,254,153
#line: 206, #FEFE89
206,254,254,137
#line: 207, #FEFE7A
207,254,254,122
#line: 208, #FEFE69
208,254,254,105
#line: 209, #FEFE59
209,254,254,89
#line: 210, #FEFE48
210,254,254,72
#line: 211, #FEFE37
211,254,254,55
#line: 212, #FEFE25
212,254,254,37
#line: 213, #FEFE13
213,254,254,19
#line: 214, #FEF90A
214,254,249,10
#line: 215, #FEED0B
215,254,237,11
#line: 216, #FEE20C
216,254,226,12
#line: 217, #FED60D
217,254,214,13
#line: 218, #FECA0E
218,254,202,14
#line: 219, #FEBE0F
219,254,190,15
#line: 220, #FEB210
220,254,178,16
#line: 221, #FEA511
221,254,165,17
#line: 222, #FE9812
222,254,152,18
#line: 223, #FE8A14
223,254,138,20
#line: 224, #FE7C15
224,254,124,21
#line: 225, #FE6E16
225,254,110,22
#line: 226, #FE6D16
226,254,109,22
#line: 227, #FE6D16
227,254,109,22
#line: 228, #FE6D16
228,254,109,22
#line: 229, #FE6D16
229,254,109,22
#line: 230, #FE6D16
230,254,109,22
#line: 231, #FE6D16
231,254,109,22
#line: 232, #FE6D16
232,254,109,22
#line: 233, #FE6D16
233,254,109,22
#line: 234, #FE6915
234,254,105,21
#line: 235, #FE5A12
235,254,90,18
#line: 236, #FE4A0F
236,254,74,15
#line: 237, #FE3A0C
237,254,58,12
#line: 238, #FE2908
238,250,41,8
#line: 239, #FE1705
239,250,23,5
#line: 240, #FE0401
240,254,4,1
#line: 241, #FE0000
241,254,0,0
#line: 242, #FE0000
242,254,0,0
#line: 243, #FE0000
243,254,0,0
#line: 244, #FE0000
244,255,0,0
#line: 245, #FE0000
245,250,0,0
#line: 246, #F10000
246,241,0,0
#line: 247, #E20000
247,226,0,0
#line: 248, #D20000
248,210,0,0
#line: 249, #C20000
249,194,0,0
#line: 250, #B50000
250,181,0,0
#line: 251, #A60000
251,166,0,0
#line: 252, #940000
252,148,0,0
#line: 253, #800000
253,128,0,0
#line: 254, #690000
254,105,0,0
#line: 255, #500000
255,80,0,0