#fire

#line: 0, #000000
0,0,0,0
12,0,1,1
#line: 13, #000101
13,0,1,1
#line: 14, #000101
14,0,1,1
#line: 15, #000101
15,0,1,1
#line: 16, #000101
16,0,1,1
#line: 17, #000101
17,0,1,1
#line: 18, #000101
18,0,1,1
#line: 19, #000101
19,0,1,1
#line: 20, #010202
20,1,2,2
#line: 21, #010202
21,1,2,2
#line: 22, #010202
22,1,2,2
#line: 23, #010202
23,1,2,2
#line: 24, #010202
24,1,2,2
#line: 25, #010202
25,1,2,2
#line: 26, #010202
26,1,2,2
#line: 27, #010202
27,1,2,2
#line: 28, #010202
28,1,2,2
#line: 29, #010202
29,1,2,2
#line: 30, #020303
30,2,3,3
#line: 31, #020303
31,2,3,3
#line: 32, #020303
32,2,3,3
#line: 33, #020303
33,2,3,3
#line: 34, #020303
34,2,3,3
#line: 35, #020303
35,2,3,3
#line: 36, #020303
36,2,3,3
#line: 37, #020303
37,2,3,3
#line: 38, #030404
38,3,4,4
#line: 39, #030404
39,3,4,4
#line: 40, #030404
40,3,4,4
#line: 41, #030404
41,3,4,4
#line: 42, #030404
42,3,4,4
#line: 43, #030404
43,3,4,4
#line: 44, #030404
44,3,4,4
#line: 45, #030404
45,3,4,4
#line: 46, #030404
46,3,4,4
#line: 47, #030404
47,3,4,4
#line: 48, #030404
48,3,4,4
#line: 49, #030404
49,3,4,4
#line: 50, #030404
50,3,4,4
#line: 51, #030404
51,3,4,4
#line: 52, #030404
52,3,4,4
#line: 53, #030404
53,3,4,4
#line: 54, #030404
54,3,4,4
#line: 55, #030404
55,3,4,4
#line: 56, #040505
56,4,5,5
#line: 57, #040505
57,4,5,5
#line: 58, #040506
58,4,5,6
#line: 59, #040508
59,4,5,8
#line: 60, #04050A
60,4,5,10
#line: 61, #04050C
61,4,5,12
#line: 62, #04050D
62,4,5,13
#line: 63, #04050F
63,4,5,15
#line: 64, #040511
64,4,5,17
#line: 65, #040513
65,4,5,19
#line: 66, #040614
66,4,6,20
#line: 67, #040616
67,4,6,22
#line: 68, #040618
68,4,6,24
#line: 69, #04061A
69,4,6,26
#line: 70, #04061B
70,4,6,27
#line: 71, #04061D
71,4,6,29
#line: 72, #04061F
72,4,6,31
#line: 73, #040621
73,4,6,33
#line: 74, #030723
74,3,7,35
#line: 75, #030723
75,3,7,35
#line: 76, #040727
76,4,7,39
#line: 77, #05082B
77,5,8,43
#line: 78, #060830
78,6,8,48
#line: 79, #080934
79,8,9,52
#line: 80, #090939
80,9,9,57
#line: 81, #0A0A3D
81,10,10,61
#line: 82, #0C0B42
82,12,11,66
#line: 83, #0D0B46
83,13,11,70
#line: 84, #0E0C4B
84,14,12,75
#line: 85, #0F0C4F
85,15,12,79
#line: 86, #110D54
86,17,13,84
#line: 87, #120E58
87,18,14,88
#line: 88, #130E5D
88,19,14,93
#line: 89, #150F61
89,21,15,97
#line: 90, #160F66
90,22,15,102
#line: 91, #17106A
91,23,16,106
#line: 92, #19116F
92,25,17,111
#line: 93, #19116F
93,25,17,111
#line: 94, #19116F
94,25,17,111
#line: 95, #1A116F
95,26,17,111
#line: 96, #1B1170
96,27,17,112
#line: 97, #1C1170
97,28,17,112
#line: 98, #1D1170
98,29,17,112
#line: 99, #1E1171
99,30,17,113
#line: 100, #1F1171
100,31,17,113
#line: 101, #201171
101,32,17,113
#line: 102, #201172
102,32,17,114
#line: 103, #211172
103,33,17,114
#line: 104, #221172
104,34,17,114
#line: 105, #231173
105,35,17,115
#line: 106, #241173
106,36,17,115
#line: 107, #251173
107,37,17,115
#line: 108, #261174
108,38,17,116
#line: 109, #271174
109,39,17,116
#line: 110, #281275
110,40,18,117
#line: 111, #281275
111,40,18,117
#line: 112, #281275
112,40,18,117
#line: 113, #291276
113,41,18,118
#line: 114, #2A1277
114,42,18,119
#line: 115, #2B1278
115,43,18,120
#line: 116, #2C1279
116,44,18,121
#line: 117, #2D127A
117,45,18,122
#line: 118, #2E127B
118,46,18,123
#line: 119, #2F127C
119,47,18,124
#line: 120, #30127D
120,48,18,125
#line: 121, #31127E
121,49,18,126
#line: 122, #32127F
122,50,18,127
#line: 123, #331280
123,51,18,128
#line: 124, #341281
124,52,18,129
#line: 125, #351282
125,53,18,130
#line: 126, #361283
126,54,18,131
#line: 127, #371284
127,55,18,132
#line: 128, #381285
128,56,18,133
#line: 129, #381285
129,56,18,133
#line: 130, #3D1283
130,61,18,131
#line: 131, #421380
131,66,19,128
#line: 132, #47147D
132,71,20,125
#line: 133, #4C157B
133,76,21,123
#line: 134, #511678
134,81,22,120
#line: 135, #571775
135,87,23,117
#line: 136, #5C1873
136,92,24,115
#line: 137, #611970
137,97,25,112
#line: 138, #66196D
138,102,25,109
#line: 139, #6B1A6A
139,107,26,106
#line: 140, #701B68
140,112,27,104
#line: 141, #761C65
141,118,28,101
#line: 142, #7B1D62
142,123,29,98
#line: 143, #801E60
143,128,30,96
#line: 144, #851F5D
144,133,31,93
#line: 145, #8A205A
145,138,32,90
#line: 146, #902157
146,144,33,87
#line: 147, #902157
147,144,33,87
#line: 148, #912256
148,145,34,86
#line: 149, #932455
149,147,36,85
#line: 150, #952554
150,149,37,84
#line: 151, #962753
151,150,39,83
#line: 152, #982952
152,152,41,82
#line: 153, #9A2A51
153,154,42,81
#line: 154, #9B2C50
154,155,44,80
#line: 155, #9D2E4F
155,157,46,79
#line: 156, #9F2F4D
156,159,47,77
#line: 157, #A1314C
157,161,49,76
#line: 158, #A2334B
158,162,51,75
#line: 159, #A4344A
159,164,52,74
#line: 160, #A63649
160,166,54,73
#line: 161, #A73848
161,167,56,72
#line: 162, #A93947
162,169,57,71
#line: 163, #AB3B46
163,171,59,70
#line: 164, #AD3D44
164,173,61,68
#line: 165, #AD3D44
165,173,61,68
#line: 166, #B14143
166,177,65,67
#line: 167, #B54641
167,181,70,65
#line: 168, #BA4B3F
168,186,75,63
#line: 169, #BE4F3D
169,190,79,61
#line: 170, #C3543B
170,195,84,59
#line: 171, #C7593A
171,199,89,58
#line: 172, #CC5D38
172,204,93,56
#line: 173, #D06236
173,208,98,54
#line: 174, #D56734
174,213,103,52
#line: 175, #D96C32
175,217,108,50
#line: 176, #DE7030
176,222,112,48
#line: 177, #E2752F
177,226,117,47
#line: 178, #E77A2D
178,231,122,45
#line: 179, #EB7E2B
179,235,126,43
#line: 180, #F08329
180,240,131,41
#line: 181, #F48827
181,244,136,39
#line: 182, #F98D25
182,249,141,37
#line: 183, #F98D25
183,249,141,37
#line: 184, #F99125
184,249,145,37
#line: 185, #F99626
185,249,150,38
#line: 186, #FA9B27
186,249,155,39
#line: 187, #FAA028
187,249,160,40
#line: 188, #FAA529
188,249,165,41
#line: 189, #FBAA2A
189,249,170,42
#line: 190, #FBAF2B
190,249,175,43
#line: 191, #FBB42C
191,249,180,44
#line: 192, #FCB82D
192,249,184,45
#line: 193, #FCBD2E
193,249,189,46
#line: 194, #FCC22F
194,249,194,47
#line: 195, #FDC730
195,250,199,48
#line: 196, #FDCC31
196,250,204,49
#line: 197, #FDD132
197,250,209,50
#line: 198, #FED633
198,251,214,51
#line: 199, #FEDB34
199,251,219,52
#line: 200, #FFE035
200,253,224,53
#line: 201, #FFE035
201,253,224,53
#line: 208, #FFE65A
209,254,230,90
#line: 209, #FFE760
209,254,231,96
#line: 210, #FFE865
210,250,232,101
#line: 211, #FFE96B
211,250,233,107
#line: 250, #FEEAAA
240,248,244,240
#line: 251, #FEFEFB
245,245,245,240
#line: 252, #FDFDFD
250,251,250,249
#line: 255, #CF0705
255,245,35,40