#fire

#line: 0, #19101F
0,25,16,31
#line: 1, #1B101F
1,27,16,31
#line: 2, #1D1020
2,29,16,32
#line: 3, #1F0F20
3,31,15,32
#line: 4, #220F21
4,34,15,33
#line: 5, #240F21
5,36,15,33
#line: 6, #260E22
6,38,14,34
#line: 7, #280E22
7,40,14,34
#line: 8, #2B0E23
8,43,14,35
#line: 9, #2D0D23
9,45,13,35
#line: 10, #2F0D24
10,47,13,36
#line: 11, #310D24
11,49,13,36
#line: 12, #340C25
12,52,12,37
#line: 13, #360C25
13,54,12,37
#line: 14, #380C26
14,56,12,38
#line: 15, #3A0B26
15,58,11,38
#line: 16, #3D0B27
16,61,11,39
#line: 17, #3F0B27
17,63,11,39
#line: 18, #410A28
18,65,10,40
#line: 19, #430A28
19,67,10,40
#line: 20, #460A29
20,70,10,41
#line: 21, #48092A
21,72,9,42
#line: 22, #4A092A
22,74,9,42
#line: 23, #4D092B
23,77,9,43
#line: 24, #4F082B
24,79,8,43
#line: 25, #51082C
25,81,8,44
#line: 26, #53082C
26,83,8,44
#line: 27, #56072D
27,86,7,45
#line: 28, #58072D
28,88,7,45
#line: 29, #5A072E
29,90,7,46
#line: 30, #5C062E
30,92,6,46
#line: 31, #5F062F
31,95,6,47
#line: 32, #61062F
32,97,6,47
#line: 33, #630530
33,99,5,48
#line: 34, #650530
34,101,5,48
#line: 35, #680531
35,104,5,49
#line: 36, #6A0431
36,106,4,49
#line: 37, #6C0432
37,108,4,50
#line: 38, #6E0432
38,110,4,50
#line: 39, #710333
39,113,3,51
#line: 40, #730333
40,115,3,51
#line: 41, #750334
41,117,3,52
#line: 42, #780235
42,120,2,53
#line: 43, #780235
43,120,2,53
#line: 44, #790235
44,121,2,53
#line: 45, #7A0335
45,122,3,53
#line: 46, #7B0435
46,123,4,53
#line: 47, #7C0435
47,124,4,53
#line: 48, #7D0535
48,125,5,53
#line: 49, #7F0635
49,127,6,53
#line: 50, #800735
50,128,7,53
#line: 51, #810735
51,129,7,53
#line: 52, #820835
52,130,8,53
#line: 53, #830935
53,131,9,53
#line: 54, #840A35
54,132,10,53
#line: 55, #860A35
55,134,10,53
#line: 56, #870B35
56,135,11,53
#line: 57, #880C35
57,136,12,53
#line: 58, #890D35
58,137,13,53
#line: 59, #8A0D35
59,138,13,53
#line: 60, #8B0E35
60,139,14,53
#line: 61, #8D0F35
61,141,15,53
#line: 62, #8E1035
62,142,16,53
#line: 63, #8F1035
63,143,16,53
#line: 64, #901136
64,144,17,54
#line: 65, #911236
65,145,18,54
#line: 66, #921236
66,146,18,54
#line: 67, #941336
67,148,19,54
#line: 68, #951436
68,149,20,54
#line: 69, #961536
69,150,21,54
#line: 70, #971536
70,151,21,54
#line: 71, #981636
71,152,22,54
#line: 72, #991736
72,153,23,54
#line: 73, #9B1836
73,155,24,54
#line: 74, #9C1836
74,156,24,54
#line: 75, #9D1936
75,157,25,54
#line: 76, #9E1A36
76,158,26,54
#line: 77, #9F1B36
77,159,27,54
#line: 78, #A01B36
78,160,27,54
#line: 79, #A21C36
79,162,28,54
#line: 80, #A31D36
80,163,29,54
#line: 81, #A41E36
81,164,30,54
#line: 82, #A51E36
82,165,30,54
#line: 83, #A61F36
83,166,31,54
#line: 84, #A72036
84,167,32,54
#line: 85, #A92137
85,169,33,55
#line: 86, #A92137
86,169,33,55
#line: 87, #A92137
87,169,33,55
#line: 88, #AA2236
88,170,34,54
#line: 89, #AB2335
89,171,35,53
#line: 90, #AC2334
90,172,35,52
#line: 91, #AD2433
91,173,36,51
#line: 92, #AE2532
92,174,37,50
#line: 93, #AF2632
93,175,38,50
#line: 94, #B02631
94,176,38,49
#line: 95, #B12730
95,177,39,48
#line: 96, #B2282F
96,178,40,47
#line: 97, #B2282E
97,178,40,46
#line: 98, #B3292D
98,179,41,45
#line: 99, #B42A2D
99,180,42,45
#line: 100, #B52B2C
100,181,43,44
#line: 101, #B62B2B
101,182,43,43
#line: 102, #B72C2A
102,183,44,42
#line: 103, #B82D29
103,184,45,41
#line: 104, #B92D28
104,185,45,40
#line: 105, #BA2E28
105,186,46,40
#line: 106, #BB2F27
106,187,47,39
#line: 107, #BC3026
107,188,48,38
#line: 108, #BC3025
108,188,48,37
#line: 109, #BD3124
109,189,49,36
#line: 110, #BE3223
110,190,50,35
#line: 111, #BF3223
111,191,50,35
#line: 112, #C03322
112,192,51,34
#line: 113, #C13421
113,193,52,33
#line: 114, #C23520
114,194,53,32
#line: 115, #C3351F
115,195,53,31
#line: 116, #C4361E
116,196,54,30
#line: 117, #C5371E
117,197,55,30
#line: 118, #C5371D
118,197,55,29
#line: 119, #C6381C
119,198,56,28
#line: 120, #C7391B
120,199,57,27
#line: 121, #C83A1A
121,200,58,26
#line: 122, #C93A19
122,201,58,25
#line: 123, #CA3B19
123,202,59,25
#line: 124, #CB3C18
124,203,60,24
#line: 125, #CC3C17
125,204,60,23
#line: 126, #CD3D16
126,205,61,22
#line: 127, #CE3E15
127,206,62,21
#line: 128, #CF3F14
128,207,63,20
#line: 129, #CF3F14
129,207,63,20
#line: 130, #D04014
130,208,64,20
#line: 131, #D14214
131,209,66,20
#line: 132, #D24415
132,210,68,21
#line: 133, #D34615
133,211,70,21
#line: 134, #D44816
134,212,72,22
#line: 135, #D54A16
135,213,74,22
#line: 136, #D64C16
136,214,76,22
#line: 137, #D74D17
137,215,77,23
#line: 138, #D84F17
138,216,79,23
#line: 139, #D95118
139,217,81,24
#line: 140, #DA5318
140,218,83,24
#line: 141, #DB5518
141,219,85,24
#line: 142, #DC5719
142,220,87,25
#line: 143, #DD5919
143,221,89,25
#line: 144, #DE5A1A
144,222,90,26
#line: 145, #DF5C1A
145,223,92,26
#line: 146, #E05E1A
146,224,94,26
#line: 147, #E1601B
147,225,96,27
#line: 148, #E2621B
148,226,98,27
#line: 149, #E3641C
149,227,100,28
#line: 150, #E4661C
150,228,102,28
#line: 151, #E5671C
151,229,103,28
#line: 152, #E6691D
152,230,105,29
#line: 153, #E76B1D
153,231,107,29
#line: 154, #E86D1E
154,232,109,30
#line: 155, #E96F1E
155,233,111,30
#line: 156, #EA711E
156,234,113,30
#line: 157, #EB731F
157,235,115,31
#line: 158, #EC741F
158,236,116,31
#line: 159, #ED7620
159,237,118,32
#line: 160, #EE7820
160,238,120,32
#line: 161, #EF7A20
161,239,122,32
#line: 162, #F07C21
162,240,124,33
#line: 163, #F17E21
163,241,126,33
#line: 164, #F28022
164,242,128,34
#line: 165, #F38122
165,243,129,34
#line: 166, #F48322
166,244,131,34
#line: 167, #F58523
167,245,133,35
#line: 168, #F68723
168,246,135,35
#line: 169, #F78924
169,247,137,36
#line: 170, #F88B24
170,248,139,36
#line: 171, #F98D25
171,249,141,37
#line: 172, #F98D25
172,249,141,37
#line: 173, #F98E25
173,249,142,37
#line: 174, #F99025
174,249,144,37
#line: 175, #F99226
175,249,146,38
#line: 176, #F99426
176,249,148,38
#line: 177, #F99626
177,249,150,38
#line: 178, #F99827
178,249,152,39
#line: 179, #FA9A27
179,250,154,39
#line: 180, #FA9C28
180,250,156,40
#line: 181, #FA9E28
181,250,158,40
#line: 182, #FAA028
182,250,160,40
#line: 183, #FAA229
183,250,162,41
#line: 184, #FAA429
184,250,164,41
#line: 185, #FAA629
185,250,166,41
#line: 186, #FBA82A
186,251,168,42
#line: 187, #FBAA2A
187,251,170,42
#line: 188, #FBAC2B
188,251,172,43
#line: 189, #FBAE2B
189,251,174,43
#line: 190, #FBB02B
190,251,176,43
#line: 191, #FBB22C
191,251,178,44
#line: 192, #FBB42C
192,251,180,44
#line: 193, #FCB62D
193,252,182,45
#line: 194, #FCB82D
194,252,184,45
#line: 195, #FCBA2D
195,252,186,45
#line: 196, #FCBC2E
196,252,188,46
#line: 197, #FCBE2E
197,252,190,46
#line: 198, #FCC02E
198,252,192,46
#line: 199, #FCC22F
199,252,194,47
#line: 200, #FDC42F
200,253,196,47
#line: 201, #FDC630
201,253,198,48
#line: 202, #FDC830
202,253,200,48
#line: 203, #FDCA30
203,253,202,48
#line: 204, #FDCC31
204,253,204,49
#line: 205, #FDCE31
205,253,206,49
#line: 206, #FDD031
206,253,208,49
#line: 207, #FED232
207,254,210,50
#line: 208, #FED432
208,254,212,50
#line: 209, #FED633
209,254,214,51
#line: 210, #FED833
210,254,216,51
#line: 211, #FEDA33
211,254,218,51
#line: 212, #FEDC34
212,254,220,52
#line: 213, #FEDE34
213,254,222,52
#line: 214, #FFE035
214,255,224,53
#line: 215, #FFE035
215,255,224,53
#line: 216, #FFE039
216,255,224,57
#line: 217, #FFE13E
217,255,225,62
#line: 218, #FFE243
218,255,226,67
#line: 219, #FFE248
219,255,226,72
#line: 220, #FFE34C
220,255,227,76
#line: 221, #FFE451
221,255,228,81
#line: 222, #FFE556
222,255,229,86
#line: 223, #FFE55B
223,255,229,91
#line: 224, #FFE660
224,255,230,96
#line: 225, #FFE764
225,255,231,100
#line: 226, #FFE869
226,255,232,105
#line: 227, #FFE86E
227,255,232,110
#line: 228, #FFE973
228,255,233,115
#line: 229, #FFEA78
229,255,234,120
#line: 230, #FFEB7C
230,255,235,124
#line: 231, #FFEB81
231,255,235,129
#line: 232, #FFEC86
232,255,236,134
#line: 233, #FFED8B
233,255,237,139
#line: 234, #FFEE8F
234,255,238,143
#line: 235, #FFEE94
235,255,238,148
#line: 236, #FFEF99
236,255,239,153
#line: 237, #FFF09E
237,255,240,158
#line: 238, #FFF0A3
238,255,240,163
#line: 239, #FFF1A7
239,255,241,167
#line: 240, #FFF2AC
240,255,242,172
#line: 241, #FFF3B1
241,255,243,177
#line: 242, #FFF3B6
242,255,243,182
#line: 243, #FFF4BB
243,255,244,187
#line: 244, #FFF5BF
244,255,245,191
#line: 245, #FFF6C4
245,255,246,196
#line: 246, #FFF6C9
246,255,246,201
#line: 247, #FFF7CE
247,255,247,206
#line: 248, #FFF8D2
248,255,248,210
#line: 249, #FFF9D7
249,255,249,215
#line: 250, #FFF9DC
250,255,249,220
#line: 251, #FFFAE1
251,255,250,225
#line: 252, #FFFBE6
252,255,251,230
#line: 253, #FFFCEA
253,255,252,234
#line: 254, #FFFCEF
254,255,252,239
#line: 255, #FFFDF4
255,255,253,244