#gqrx

#line: 0, #000000
0,0,0,0
#line: 1, #000000
1,0,0,0
#line: 2, #000000
2,0,0,0
#line: 3, #000000
3,0,0,0
#line: 4, #000000
4,0,0,0
#line: 5, #000000
5,0,0,0
#line: 6, #000000
6,0,0,0
#line: 7, #000000
7,0,0,0
#line: 8, #000000
8,0,0,0
#line: 9, #000000
9,0,0,0
#line: 10, #000000
10,0,0,0
#line: 11, #000000
11,0,0,0
#line: 12, #000000
12,0,0,0
#line: 13, #000000
13,0,0,0
#line: 14, #000000
14,0,0,0
#line: 15, #000000
15,0,0,0
#line: 16, #000000
16,0,0,0
#line: 17, #000000
17,0,0,0
#line: 18, #000000
18,0,0,0
#line: 19, #000000
19,0,0,0
#line: 20, #000000
20,0,0,0
#line: 21, #000002
21,0,0,2
#line: 22, #000005
22,0,0,5
#line: 23, #000008
23,0,0,8
#line: 24, #00000b
24,0,0,11
#line: 25, #00000e
25,0,0,14
#line: 26, #000010
26,0,0,16
#line: 27, #000013
27,0,0,19
#line: 28, #000016
28,0,0,22
#line: 29, #000019
29,0,0,25
#line: 30, #00001c
30,0,0,28
#line: 31, #00001e
31,0,0,30
#line: 32, #000021
32,0,0,33
#line: 33, #000024
33,0,0,36
#line: 34, #000027
34,0,0,39
#line: 35, #00002a
35,0,0,42
#line: 36, #00002c
36,0,0,44
#line: 37, #00002f
37,0,0,47
#line: 38, #000032
38,0,0,50
#line: 39, #000035
39,0,0,53
#line: 40, #000038
40,0,0,56
#line: 41, #00003a
41,0,0,58
#line: 42, #00003d
42,0,0,61
#line: 43, #000040
43,0,0,64
#line: 44, #000043
44,0,0,67
#line: 45, #000046
45,0,0,70
#line: 46, #000048
46,0,0,72
#line: 47, #00004b
47,0,0,75
#line: 48, #00004e
48,0,0,78
#line: 49, #000051
49,0,0,81
#line: 50, #000054
50,0,0,84
#line: 51, #000056
51,0,0,86
#line: 52, #000059
52,0,0,89
#line: 53, #00005c
53,0,0,92
#line: 54, #00005f
54,0,0,95
#line: 55, #000062
55,0,0,98
#line: 56, #000064
56,0,0,100
#line: 57, #000067
57,0,0,103
#line: 58, #00006a
58,0,0,106
#line: 59, #00006d
59,0,0,109
#line: 60, #000070
60,0,0,112
#line: 61, #000072
61,0,0,114
#line: 62, #000075
62,0,0,117
#line: 63, #000078
63,0,0,120
#line: 64, #00007b
64,0,0,123
#line: 65, #00007e
65,0,0,126
#line: 66, #000080
66,0,0,128
#line: 67, #000083
67,0,0,131
#line: 68, #000086
68,0,0,134
#line: 69, #000089
69,0,0,137
#line: 70, #00008c
70,0,0,140
#line: 71, #02048f
71,2,4,143
#line: 72, #040893
72,4,8,147
#line: 73, #060c97
73,6,12,151
#line: 74, #08109b
74,8,16,155
#line: 75, #0a149f
75,10,20,159
#line: 76, #0c19a3
76,12,25,163
#line: 77, #0e1da6
77,14,29,166
#line: 78, #1021aa
78,16,33,170
#line: 79, #1225ae
79,18,37,174
#line: 80, #1429b2
80,20,41,178
#line: 81, #162db6
81,22,45,182
#line: 82, #1832ba
82,24,50,186
#line: 83, #1a36bd
83,26,54,189
#line: 84, #1c3ac1
84,28,58,193
#line: 85, #1e3ec5
85,30,62,197
#line: 86, #2042c9
86,32,66,201
#line: 87, #2246cd
87,34,70,205
#line: 88, #244bd1
88,36,75,209
#line: 89, #264fd4
89,38,79,212
#line: 90, #2853d8
90,40,83,216
#line: 91, #2a57dc
91,42,87,220
#line: 92, #2c5be0
92,44,91,224
#line: 93, #2e5fe4
93,46,95,228
#line: 94, #3064e8
94,48,100,232
#line: 95, #3268eb
95,50,104,235
#line: 96, #346cef
96,52,108,239
#line: 97, #3670f3
97,54,112,243
#line: 98, #3874f7
98,56,116,247
#line: 99, #3a78fb
99,58,120,251
#line: 100, #3c7dff
100,60,125,255
#line: 101, #3f7ffa
101,63,127,250
#line: 102, #4382f5
102,67,130,245
#line: 103, #4784f0
103,71,132,240
#line: 104, #4b87eb
104,75,135,235
#line: 105, #4f8ae6
105,79,138,230
#line: 106, #538ce1
106,83,140,225
#line: 107, #578fdc
107,87,143,220
#line: 108, #5b91d7
108,91,145,215
#line: 109, #5f94d2
109,95,148,210
#line: 110, #6397cc
110,99,151,204
#line: 111, #6699c7
111,102,153,199
#line: 112, #6a9cc2
112,106,156,194
#line: 113, #6e9ebd
113,110,158,189
#line: 114, #72a1b8
114,114,161,184
#line: 115, #76a4b3
115,118,164,179
#line: 116, #7aa6ae
116,122,166,174
#line: 117, #7ea9a9
117,126,169,169
#line: 118, #82aba4
118,130,171,164
#line: 119, #86ae9f
119,134,174,159
#line: 120, #8ab199
120,138,177,153
#line: 121, #8db394
121,141,179,148
#line: 122, #91b68f
122,145,182,143
#line: 123, #95b88a
123,149,184,138
#line: 124, #99bb85
124,153,187,133
#line: 125, #9dbe80
125,157,190,128
#line: 126, #a1c07b
126,161,192,123
#line: 127, #a5c376
127,165,195,118
#line: 128, #a9c571
128,169,197,113
#line: 129, #adc86c
129,173,200,108
#line: 130, #b1cb66
130,177,203,102
#line: 131, #b4cd61
131,180,205,97
#line: 132, #b8d05c
132,184,208,92
#line: 133, #bcd257
133,188,210,87
#line: 134, #c0d552
134,192,213,82
#line: 135, #c4d84d
135,196,216,77
#line: 136, #c8da48
136,200,218,72
#line: 137, #ccdd43
137,204,221,67
#line: 138, #d0df3e
138,208,223,62
#line: 139, #d4e239
139,212,226,57
#line: 140, #d8e533
140,216,229,51
#line: 141, #dbe72e
141,219,231,46
#line: 142, #dfea29
142,223,234,41
#line: 143, #e3ec24
143,227,236,36
#line: 144, #e7ef1f
144,231,239,31
#line: 145, #ebf21a
145,235,242,26
#line: 146, #eff415
146,239,244,21
#line: 147, #f3f710
147,243,247,16
#line: 148, #f7f90b
148,247,249,11
#line: 149, #fbfc06
149,251,252,6
#line: 150, #ffff00
150,255,255,0
#line: 151, #fffd00
151,255,253,0
#line: 152, #fffa00
152,255,250,0
#line: 153, #fff800
153,255,248,0
#line: 154, #fff500
154,255,245,0
#line: 155, #fff300
155,255,243,0
#line: 156, #fff000
156,255,240,0
#line: 157, #ffee00
157,255,238,0
#line: 158, #ffeb00
158,255,235,0
#line: 159, #ffe900
159,255,233,0
#line: 160, #ffe600
160,255,230,0
#line: 161, #ffe300
161,255,227,0
#line: 162, #ffe100
162,255,225,0
#line: 163, #ffde00
163,255,222,0
#line: 164, #ffdc00
164,255,220,0
#line: 165, #ffd900
165,255,217,0
#line: 166, #ffd700
166,255,215,0
#line: 167, #ffd400
167,255,212,0
#line: 168, #ffd200
168,255,210,0
#line: 169, #ffcf00
169,255,207,0
#line: 170, #ffcc00
170,255,204,0
#line: 171, #ffca00
171,255,202,0
#line: 172, #ffc700
172,255,199,0
#line: 173, #ffc500
173,255,197,0
#line: 174, #ffc200
174,255,194,0
#line: 175, #ffc000
175,255,192,0
#line: 176, #ffbd00
176,255,189,0
#line: 177, #ffbb00
177,255,187,0
#line: 178, #ffb800
178,255,184,0
#line: 179, #ffb600
179,255,182,0
#line: 180, #ffb300
180,255,179,0
#line: 181, #ffb000
181,255,176,0
#line: 182, #ffae00
182,255,174,0
#line: 183, #ffab00
183,255,171,0
#line: 184, #ffa900
184,255,169,0
#line: 185, #ffa600
185,255,166,0
#line: 186, #ffa400
186,255,164,0
#line: 187, #ffa100
187,255,161,0
#line: 188, #ff9f00
188,255,159,0
#line: 189, #ff9c00
189,255,156,0
#line: 190, #ff9900
190,255,153,0
#line: 191, #ff9700
191,255,151,0
#line: 192, #ff9400
192,255,148,0
#line: 193, #ff9200
193,255,146,0
#line: 194, #ff8f00
194,255,143,0
#line: 195, #ff8d00
195,255,141,0
#line: 196, #ff8a00
196,255,138,0
#line: 197, #ff8800
197,255,136,0
#line: 198, #ff8500
198,255,133,0
#line: 199, #ff8300
199,255,131,0
#line: 200, #ff8000
200,255,128,0
#line: 201, #ff7d00
201,255,125,0
#line: 202, #ff7b00
202,255,123,0
#line: 203, #ff7800
203,255,120,0
#line: 204, #ff7600
204,255,118,0
#line: 205, #ff7300
205,255,115,0
#line: 206, #ff7100
206,255,113,0
#line: 207, #ff6e00
207,255,110,0
#line: 208, #ff6c00
208,255,108,0
#line: 209, #ff6900
209,255,105,0
#line: 210, #ff6600
210,255,102,0
#line: 211, #ff6400
211,255,100,0
#line: 212, #ff6100
212,255,97,0
#line: 213, #ff5f00
213,255,95,0
#line: 214, #ff5c00
214,255,92,0
#line: 215, #ff5a00
215,255,90,0
#line: 216, #ff5700
216,255,87,0
#line: 217, #ff5500
217,255,85,0
#line: 218, #ff5200
218,255,82,0
#line: 219, #ff5000
219,255,80,0
#line: 220, #ff4d00
220,255,77,0
#line: 221, #ff4a00
221,255,74,0
#line: 222, #ff4800
222,255,72,0
#line: 223, #ff4500
223,255,69,0
#line: 224, #ff4300
224,255,67,0
#line: 225, #ff4000
225,255,64,0
#line: 226, #ff3e00
226,255,62,0
#line: 227, #ff3b00
227,255,59,0
#line: 228, #ff3900
228,255,57,0
#line: 229, #ff3600
229,255,54,0
#line: 230, #ff3300
230,255,51,0
#line: 231, #ff3100
231,255,49,0
#line: 232, #ff2e00
232,255,46,0
#line: 233, #ff2c00
233,255,44,0
#line: 234, #ff2900
234,255,41,0
#line: 235, #ff2700
235,255,39,0
#line: 236, #ff2400
236,255,36,0
#line: 237, #ff2200
237,255,34,0
#line: 238, #ff1f00
238,255,31,0
#line: 239, #ff1d00
239,255,29,0
#line: 240, #ff1a00
240,255,26,0
#line: 241, #ff1700
241,255,23,0
#line: 242, #ff1500
242,255,21,0
#line: 243, #ff1200
243,255,18,0
#line: 244, #ff1000
244,255,16,0
#line: 245, #ff0d00
245,255,13,0
#line: 246, #ff0b00
246,255,11,0
#line: 247, #ff0800
247,255,8,0
#line: 248, #ff0600
248,255,6,0
#line: 249, #ff0300
249,255,3,0
#line: 250, #ff0000
250,255,0,0
#line: 251, #ff3333
251,255,51,51
#line: 252, #ff6666
252,255,102,102
#line: 253, #ff9999
253,255,153,153
#line: 254, #ffcccc
254,255,204,204
#line: 255, #ffffff
255,255,255,255