#log_classic_green

#line: 0, #000020
0,0,0,32
#line: 1, #000020
1,0,0,32
#line: 2, #000021
2,0,0,33
#line: 3, #000021
3,0,0,33
#line: 4, #000021
4,0,0,33
#line: 5, #000021
5,0,0,33
#line: 6, #000022
6,0,0,34
#line: 7, #000022
7,0,0,34
#line: 8, #000022
8,0,0,34
#line: 9, #000022
9,0,0,34
#line: 10, #000022
10,0,0,34
#line: 11, #000023
11,0,0,35
#line: 12, #000023
12,0,0,35
#line: 13, #000023
13,0,0,35
#line: 14, #000023
14,0,0,35
#line: 15, #000024
15,0,0,36
#line: 16, #000024
16,0,0,36
#line: 17, #000024
17,0,0,36
#line: 18, #000024
18,0,0,36
#line: 19, #000024
19,0,0,36
#line: 20, #000025
20,0,0,37
#line: 21, #000025
21,0,0,37
#line: 22, #000025
22,0,0,37
#line: 23, #000025
23,0,0,37
#line: 24, #000026
24,0,0,38
#line: 25, #000026
25,0,0,38
#line: 26, #000026
26,0,0,38
#line: 27, #000026
27,0,0,38
#line: 28, #000027
28,0,0,39
#line: 29, #000027
29,0,0,39
#line: 30, #000027
30,0,0,39
#line: 31, #000027
31,0,0,39
#line: 32, #000027
32,0,0,39
#line: 33, #000028
33,0,0,40
#line: 34, #000028
34,0,0,40
#line: 35, #000028
35,0,0,40
#line: 36, #000028
36,0,0,40
#line: 37, #000029
37,0,0,41
#line: 38, #000029
38,0,0,41
#line: 39, #000029
39,0,0,41
#line: 40, #000029
40,0,0,41
#line: 41, #00002A
41,0,0,42
#line: 42, #00002A
42,0,0,42
#line: 43, #00002A
43,0,0,42
#line: 44, #00002A
44,0,0,42
#line: 45, #00002B
45,0,0,43
#line: 46, #00002B
46,0,0,43
#line: 47, #00002B
47,0,0,43
#line: 48, #00002B
48,0,0,43
#line: 49, #00002C
49,0,0,44
#line: 50, #00002C
50,0,0,44
#line: 51, #00002C
51,0,0,44
#line: 52, #00002D
52,0,0,45
#line: 53, #00002D
53,0,0,45
#line: 54, #00002D
54,0,0,45
#line: 55, #00002D
55,0,0,45
#line: 56, #00002E
56,0,0,46
#line: 57, #00002E
57,0,0,46
#line: 58, #00002E
58,0,0,46
#line: 59, #00002E
59,0,0,46
#line: 60, #00002F
60,0,0,47
#line: 61, #00002F
61,0,0,47
#line: 62, #00002F
62,0,0,47
#line: 63, #00002F
63,0,0,47
#line: 64, #000030
64,0,0,48
#line: 65, #000030
65,0,0,48
#line: 66, #000031
66,0,0,49
#line: 67, #000031
67,0,0,49
#line: 68, #000032
68,0,0,50
#line: 69, #000032
69,0,0,50
#line: 70, #000033
70,0,0,51
#line: 71, #000033
71,0,0,51
#line: 72, #000034
72,0,0,52
#line: 73, #000035
73,0,0,53
#line: 74, #000035
74,0,0,53
#line: 75, #000036
75,0,0,54
#line: 76, #000036
76,0,0,54
#line: 77, #000037
77,0,0,55
#line: 78, #000038
78,0,0,56
#line: 79, #000038
79,0,0,56
#line: 80, #000039
80,0,0,57
#line: 81, #000039
81,0,0,57
#line: 82, #00003A
82,0,0,58
#line: 83, #00003B
83,0,0,59
#line: 84, #00003B
84,0,0,59
#line: 85, #00003C
85,0,0,60
#line: 86, #00003C
86,0,0,60
#line: 87, #00003D
87,0,0,61
#line: 88, #00003E
88,0,0,62
#line: 89, #00003E
89,0,0,62
#line: 90, #00003F
90,0,0,63
#line: 91, #000040
91,0,0,64
#line: 92, #000040
92,0,0,64
#line: 93, #000041
93,0,0,65
#line: 94, #000041
94,0,0,65
#line: 95, #000042
95,0,0,66
#line: 96, #000043
96,0,0,67
#line: 97, #000043
97,0,0,67
#line: 98, #000044
98,0,0,68
#line: 99, #000045
99,0,0,69
#line: 100, #000045
100,0,0,69
#line: 101, #000046
101,0,0,70
#line: 102, #000047
102,0,0,71
#line: 103, #000047
103,0,0,71
#line: 104, #000048
104,0,0,72
#line: 105, #000049
105,0,0,73
#line: 106, #000049
106,0,0,73
#line: 107, #00004A
107,0,0,74
#line: 108, #00004B
108,0,0,75
#line: 109, #00004C
109,0,0,76
#line: 110, #00004C
110,0,0,76
#line: 111, #00004D
111,0,0,77
#line: 112, #00004E
112,0,0,78
#line: 113, #00004E
113,0,0,78
#line: 114, #00004F
114,0,0,79
#line: 115, #000050
115,0,0,80
#line: 116, #000051
116,0,0,81
#line: 117, #000053
117,0,0,83
#line: 118, #000054
118,0,0,84
#line: 119, #000056
119,0,0,86
#line: 120, #000057
120,0,0,87
#line: 121, #000059
121,0,0,89
#line: 122, #00005A
122,0,0,90
#line: 123, #00005C
123,0,0,92
#line: 124, #00005D
124,0,0,93
#line: 125, #00005F
125,0,0,95
#line: 126, #000060
126,0,0,96
#line: 127, #000062
127,0,0,98
#line: 128, #000063
128,0,0,99
#line: 129, #000065
129,0,0,101
#line: 130, #000067
130,0,0,103
#line: 131, #000068
131,0,0,104
#line: 132, #00006A
132,0,0,106
#line: 133, #00006C
133,0,0,108
#line: 134, #00006D
134,0,0,109
#line: 135, #00006F
135,0,0,111
#line: 136, #000071
136,0,0,113
#line: 137, #000072
137,0,0,114
#line: 138, #000074
138,0,0,116
#line: 139, #000076
139,0,0,118
#line: 140, #000077
140,0,0,119
#line: 141, #000079
141,0,0,121
#line: 142, #00007B
142,0,0,123
#line: 143, #00007D
143,0,0,125
#line: 144, #00007F
144,0,0,127
#line: 145, #000080
145,0,0,128
#line: 146, #000082
146,0,0,130
#line: 147, #000084
147,0,0,132
#line: 148, #000086
148,0,0,134
#line: 149, #000088
149,0,0,136
#line: 150, #000089
150,0,0,137
#line: 151, #00008B
151,0,0,139
#line: 152, #00008D
152,0,0,141
#line: 153, #00008F
153,0,0,143
#line: 154, #000091
154,0,0,145
#line: 155, #010494
155,1,4,148
#line: 156, #020898
156,2,8,152
#line: 157, #030C9B
157,3,12,155
#line: 158, #04109E
158,4,16,158
#line: 159, #0514A2
159,5,20,162
#line: 160, #0519A5
160,5,25,165
#line: 161, #061DA9
161,6,29,169
#line: 162, #0721AC
162,7,33,172
#line: 163, #0825B0
163,8,37,176
#line: 164, #092AB3
164,9,42,179
#line: 165, #0A2EB7
165,10,46,183
#line: 166, #0B32BA
166,11,50,186
#line: 167, #0C37BE
167,12,55,190
#line: 168, #0D3BC1
168,13,59,193
#line: 169, #0E40C5
169,14,64,197
#line: 170, #0F44C9
170,15,68,201
#line: 171, #1049CD
171,16,73,205
#line: 172, #114DD0
172,17,77,208
#line: 173, #1252D4
173,18,82,212
#line: 174, #1357D8
174,19,87,216
#line: 175, #145BDC
175,20,91,220
#line: 176, #1660E0
176,22,96,224
#line: 177, #1765E4
177,23,101,228
#line: 178, #186AE8
178,24,106,232
#line: 179, #196FEC
179,25,111,236
#line: 180, #1A74F0
180,26,116,240
#line: 181, #1B79F4
181,27,121,244
#line: 182, #1C7EF8
182,28,126,248
#line: 183, #1D83FD
183,29,131,253
#line: 184, #1E87FD
184,30,135,253
#line: 185, #1F8AF9
185,31,138,249
#line: 186, #1F8DF6
186,31,141,246
#line: 187, #1F90F2
187,31,144,242
#line: 188, #2093EE
188,32,147,238
#line: 189, #2096E9
189,32,150,233
#line: 190, #2199E5
190,33,153,229
#line: 191, #219CE1
191,33,156,225
#line: 192, #21A0DD
192,33,160,221
#line: 193, #22A3D9
193,34,163,217
#line: 194, #22A6D4
194,34,166,212
#line: 195, #23A9D0
195,35,169,208
#line: 196, #23ADCC
196,35,173,204
#line: 197, #24B0C7
197,36,176,199
#line: 198, #24B3C3
198,36,179,195
#line: 199, #24B7BE
199,36,183,190
#line: 200, #25BAB9
200,37,186,185
#line: 201, #25BEB5
201,37,190,181
#line: 202, #26C1B0
202,38,193,176
#line: 203, #26C5AB
203,38,197,171
#line: 204, #27C8A6
204,39,200,166
#line: 205, #27CCA1
205,39,204,161
#line: 206, #28D09C
206,40,208,156
#line: 207, #2CD397
207,44,211,151
#line: 208, #32D592
208,50,213,146
#line: 209, #38D78C
209,56,215,140
#line: 210, #3EDA87
210,62,218,135
#line: 211, #44DC81
211,68,220,129
#line: 212, #4ADF7B
212,74,223,123
#line: 213, #51E176
213,81,225,118
#line: 214, #57E470
214,87,228,112
#line: 215, #5DE66A
215,93,230,106
#line: 216, #64E964
216,100,233,100
#line: 217, #6BEB5E
217,107,235,94
#line: 218, #71EE57
218,113,238,87
#line: 219, #78F151
219,120,241,81
#line: 220, #7FF34B
220,127,243,75
#line: 221, #86F644
221,134,246,68
#line: 222, #8EF93D
222,142,249,61
#line: 223, #95FC37
223,149,252,55
#line: 224, #9CFD31
224,156,253,49
#line: 225, #A3FB30
225,163,251,48
#line: 226, #AAF82E
226,170,248,46
#line: 227, #B1F62C
227,177,246,44
#line: 228, #B8F42A
228,184,244,42
#line: 229, #BFF128
229,191,241,40
#line: 230, #C6EF26
230,198,239,38
#line: 231, #CEEC24
231,206,236,36
#line: 232, #D5E921
232,213,233,33
#line: 233, #DDE61F
233,221,230,31
#line: 234, #E5E41D
234,229,228,29
#line: 235, #EDE11B
235,237,225,27
#line: 236, #F6DE18
236,246,222,24
#line: 237, #FEDB16
237,254,219,22
#line: 238, #FEC814
238,254,200,20
#line: 239, #FEB612
239,254,182,18
#line: 240, #FEA310
240,254,163,16
#line: 241, #FE8F0E
241,254,143,14
#line: 242, #FE7B0C
242,254,123,12
#line: 243, #FE670A
243,254,103,10
#line: 244, #FE5108
244,254,81,8
#line: 245, #FE3C05
245,254,60,5
#line: 246, #FE2503
246,254,37,3
#line: 247, #FE0E00
247,254,14,0
#line: 248, #F80900
248,248,9,0
#line: 249, #F00800
249,240,8,0
#line: 250, #E70700
250,231,7,0
#line: 251, #DF0500
251,223,5,0
#line: 252, #D60400
252,214,4,0
#line: 253, #CC0300
253,204,3,0
#line: 254, #C30100
254,195,1,0
#line: 255, #B90000
255,185,0,0