#log_classic_green_20

#line: 0, #000020
0,0,0,32
#line: 1, #000020
1,0,0,32
#line: 2, #000021
2,0,0,33
#line: 3, #000021
3,0,0,33
#line: 4, #000021
4,0,0,33
#line: 5, #000021
5,0,0,33
#line: 6, #000021
6,0,0,33
#line: 7, #000021
7,0,0,33
#line: 8, #000022
8,0,0,34
#line: 9, #000022
9,0,0,34
#line: 10, #000022
10,0,0,34
#line: 11, #000022
11,0,0,34
#line: 12, #000022
12,0,0,34
#line: 13, #000022
13,0,0,34
#line: 14, #000023
14,0,0,35
#line: 15, #000023
15,0,0,35
#line: 16, #000023
16,0,0,35
#line: 17, #000023
17,0,0,35
#line: 18, #000023
18,0,0,35
#line: 19, #000023
19,0,0,35
#line: 20, #000024
20,0,0,36
#line: 21, #000024
21,0,0,36
#line: 22, #000024
22,0,0,36
#line: 23, #000024
23,0,0,36
#line: 24, #000024
24,0,0,36
#line: 25, #000025
25,0,0,37
#line: 26, #000025
26,0,0,37
#line: 27, #000025
27,0,0,37
#line: 28, #000025
28,0,0,37
#line: 29, #000025
29,0,0,37
#line: 30, #000026
30,0,0,38
#line: 31, #000026
31,0,0,38
#line: 32, #000026
32,0,0,38
#line: 33, #000026
33,0,0,38
#line: 34, #000026
34,0,0,38
#line: 35, #000026
35,0,0,38
#line: 36, #000027
36,0,0,39
#line: 37, #000027
37,0,0,39
#line: 38, #000027
38,0,0,39
#line: 39, #000027
39,0,0,39
#line: 40, #000027
40,0,0,39
#line: 41, #000028
41,0,0,40
#line: 42, #000028
42,0,0,40
#line: 43, #000028
43,0,0,40
#line: 44, #000028
44,0,0,40
#line: 45, #000028
45,0,0,40
#line: 46, #000029
46,0,0,41
#line: 47, #000029
47,0,0,41
#line: 48, #000029
48,0,0,41
#line: 49, #000029
49,0,0,41
#line: 50, #000029
50,0,0,41
#line: 51, #00002A
51,0,0,42
#line: 52, #00002A
52,0,0,42
#line: 53, #00002A
53,0,0,42
#line: 54, #00002A
54,0,0,42
#line: 55, #00002B
55,0,0,43
#line: 56, #00002B
56,0,0,43
#line: 57, #00002B
57,0,0,43
#line: 58, #00002B
58,0,0,43
#line: 59, #00002B
59,0,0,43
#line: 60, #00002C
60,0,0,44
#line: 61, #00002C
61,0,0,44
#line: 62, #00002C
62,0,0,44
#line: 63, #00002C
63,0,0,44
#line: 64, #00002D
64,0,0,45
#line: 65, #00002D
65,0,0,45
#line: 66, #00002D
66,0,0,45
#line: 67, #00002D
67,0,0,45
#line: 68, #00002D
68,0,0,45
#line: 69, #00002E
69,0,0,46
#line: 70, #00002E
70,0,0,46
#line: 71, #00002E
71,0,0,46
#line: 72, #00002E
72,0,0,46
#line: 73, #00002F
73,0,0,47
#line: 74, #00002F
74,0,0,47
#line: 75, #00002F
75,0,0,47
#line: 76, #00002F
76,0,0,47
#line: 77, #00002F
77,0,0,47
#line: 78, #000030
78,0,0,48
#line: 79, #000030
79,0,0,48
#line: 80, #000030
80,0,0,48
#line: 81, #000031
81,0,0,49
#line: 82, #000031
82,0,0,49
#line: 83, #000032
83,0,0,50
#line: 84, #000032
84,0,0,50
#line: 85, #000033
85,0,0,51
#line: 86, #000033
86,0,0,51
#line: 87, #000034
87,0,0,52
#line: 88, #000034
88,0,0,52
#line: 89, #000035
89,0,0,53
#line: 90, #000035
90,0,0,53
#line: 91, #000036
91,0,0,54
#line: 92, #000036
92,0,0,54
#line: 93, #000037
93,0,0,55
#line: 94, #000037
94,0,0,55
#line: 95, #000038
95,0,0,56
#line: 96, #000038
96,0,0,56
#line: 97, #000039
97,0,0,57
#line: 98, #00003A
98,0,0,58
#line: 99, #00003A
99,0,0,58
#line: 100, #00003B
100,0,0,59
#line: 101, #00003B
101,0,0,59
#line: 102, #00003C
102,0,0,60
#line: 103, #00003C
103,0,0,60
#line: 104, #00003D
104,0,0,61
#line: 105, #00003D
105,0,0,61
#line: 106, #00003E
106,0,0,62
#line: 107, #00003E
107,0,0,62
#line: 108, #00003F
108,0,0,63
#line: 109, #000040
109,0,0,64
#line: 110, #000040
110,0,0,64
#line: 111, #000041
111,0,0,65
#line: 112, #000041
112,0,0,65
#line: 113, #000042
113,0,0,66
#line: 114, #000042
114,0,0,66
#line: 115, #000043
115,0,0,67
#line: 116, #000044
116,0,0,68
#line: 117, #000044
117,0,0,68
#line: 118, #000045
118,0,0,69
#line: 119, #000045
119,0,0,69
#line: 120, #000046
120,0,0,70
#line: 121, #000047
121,0,0,71
#line: 122, #000047
122,0,0,71
#line: 123, #000048
123,0,0,72
#line: 124, #000049
124,0,0,73
#line: 125, #000049
125,0,0,73
#line: 126, #00004A
126,0,0,74
#line: 127, #00004B
127,0,0,75
#line: 128, #00004B
128,0,0,75
#line: 129, #00004C
129,0,0,76
#line: 130, #00004C
130,0,0,76
#line: 131, #00004D
131,0,0,77
#line: 132, #00004E
132,0,0,78
#line: 133, #00004E
133,0,0,78
#line: 134, #00004F
134,0,0,79
#line: 135, #000050
135,0,0,80
#line: 136, #000051
136,0,0,81
#line: 137, #000052
137,0,0,82
#line: 138, #000054
138,0,0,84
#line: 139, #000055
139,0,0,85
#line: 140, #000057
140,0,0,87
#line: 141, #000058
141,0,0,88
#line: 142, #00005A
142,0,0,90
#line: 143, #00005B
143,0,0,91
#line: 144, #00005D
144,0,0,93
#line: 145, #00005E
145,0,0,94
#line: 146, #000060
146,0,0,96
#line: 147, #000061
147,0,0,97
#line: 148, #000063
148,0,0,99
#line: 149, #000064
149,0,0,100
#line: 150, #000066
150,0,0,102
#line: 151, #000067
151,0,0,103
#line: 152, #000069
152,0,0,105
#line: 153, #00006B
153,0,0,107
#line: 154, #00006C
154,0,0,108
#line: 155, #00006E
155,0,0,110
#line: 156, #00006F
156,0,0,111
#line: 157, #000071
157,0,0,113
#line: 158, #000073
158,0,0,115
#line: 159, #000075
159,0,0,117
#line: 160, #000076
160,0,0,118
#line: 161, #000078
161,0,0,120
#line: 162, #00007A
162,0,0,122
#line: 163, #00007B
163,0,0,123
#line: 164, #00007D
164,0,0,125
#line: 165, #00007F
165,0,0,127
#line: 166, #000081
166,0,0,129
#line: 167, #000083
167,0,0,131
#line: 168, #000085
168,0,0,133
#line: 169, #000086
169,0,0,134
#line: 170, #000088
170,0,0,136
#line: 171, #00008A
171,0,0,138
#line: 172, #00008C
172,0,0,140
#line: 173, #00008E
173,0,0,142
#line: 174, #000090
174,0,0,144
#line: 175, #000293
175,0,2,147
#line: 176, #010696
176,1,6,150
#line: 177, #020B9A
177,2,11,154
#line: 178, #030F9D
178,3,15,157
#line: 179, #0413A1
179,4,19,161
#line: 180, #0517A4
180,5,23,164
#line: 181, #061CA8
181,6,28,168
#line: 182, #0720AC
182,7,32,172
#line: 183, #0825AF
183,8,37,175
#line: 184, #0929B3
184,9,41,179
#line: 185, #0A2EB7
185,10,46,183
#line: 186, #0B33BB
186,11,51,187
#line: 187, #0C37BE
187,12,55,190
#line: 188, #0D3CC2
188,13,60,194
#line: 189, #0F41C6
189,15,65,198
#line: 190, #1046CA
190,16,70,202
#line: 191, #114BCF
191,17,75,207
#line: 192, #1250D3
192,18,80,211
#line: 193, #1355D7
193,19,85,215
#line: 194, #145ADB
194,20,90,219
#line: 195, #1560DF
195,21,96,223
#line: 196, #1765E4
196,23,101,228
#line: 197, #186AE8
197,24,106,232
#line: 198, #1970ED
198,25,112,237
#line: 199, #1A75F1
199,26,117,241
#line: 200, #1C7BF6
200,28,123,246
#line: 201, #1D81FB
201,29,129,251
#line: 202, #1E86FF
202,30,134,255
#line: 203, #1E8AFA
203,30,138,250
#line: 204, #1F8DF6
204,31,141,246
#line: 205, #1F90F1
205,31,144,241
#line: 206, #2094EC
206,32,148,236
#line: 207, #2098E8
207,32,152,232
#line: 208, #219BE3
208,33,155,227
#line: 209, #219FDE
209,33,159,222
#line: 210, #22A3D9
210,34,163,217
#line: 211, #22A6D4
211,34,166,212
#line: 212, #23AACF
212,35,170,207
#line: 213, #23AEC9
213,35,174,201
#line: 214, #24B2C4
214,36,178,196
#line: 215, #24B6BF
215,36,182,191
#line: 216, #25BAB9
216,37,186,185
#line: 217, #26BFB3
217,38,191,179
#line: 218, #26C3AE
218,38,195,174
#line: 219, #27C8A8
219,39,200,168
#line: 220, #27CCA2
220,39,204,162
#line: 221, #28D19B
221,40,209,155
#line: 222, #29D495
222,41,212,149
#line: 223, #2AD78E
223,42,215,142
#line: 224, #2BDA87
224,43,218,135
#line: 225, #2CDD80
225,44,221,128
#line: 226, #2DE079
226,45,224,121
#line: 227, #2EE371
227,46,227,113
#line: 228, #2FE669
228,47,230,105
#line: 229, #30EA61
229,48,234,97
#line: 230, #31ED59
230,49,237,89
#line: 231, #32F151
231,50,241,81
#line: 232, #33F448
232,51,244,72
#line: 233, #34F840
233,52,248,64
#line: 234, #35FC36
234,53,252,54
#line: 235, #3FFC31
235,63,252,49
#line: 236, #52F92E
236,82,249,46
#line: 237, #65F62B
237,101,246,43
#line: 238, #79F229
238,121,242,41
#line: 239, #8EEF26
239,142,239,38
#line: 240, #A3EB23
240,163,235,35
#line: 241, #B9E720
241,185,231,32
#line: 242, #D0E31C
242,208,227,28
#line: 243, #E9DF19
243,233,223,25
#line: 244, #FED716
244,254,215,22
#line: 245, #FEBB13
245,254,187,19
#line: 246, #FE9F10
246,254,159,16
#line: 247, #FE800C
247,254,128,12
#line: 248, #FE6009
248,254,96,9
#line: 249, #FE3E05
249,254,62,5
#line: 250, #FE1A02
250,254,26,2
#line: 251, #F30900
251,243,9,0
#line: 252, #E00700
252,224,7,0
#line: 253, #CB0500
253,203,5,0
#line: 254, #B40300
254,180,3,0
#line: 255, #9B0000
255,155,0,0