#log_inferno

#line: 0, #040019
0,4,0,25
#line: 1, #04001A
1,4,0,26
#line: 2, #05001A
2,5,0,26
#line: 3, #05001B
3,5,0,27
#line: 4, #05001C
4,5,0,28
#line: 5, #05001C
5,5,0,28
#line: 6, #05001D
6,5,0,29
#line: 7, #05011E
7,5,1,30
#line: 8, #06011F
8,6,1,31
#line: 9, #06011F
9,6,1,31
#line: 10, #060120
10,6,1,32
#line: 11, #060121
11,6,1,33
#line: 12, #060122
12,6,1,34
#line: 13, #060122
13,6,1,34
#line: 14, #070123
14,7,1,35
#line: 15, #070124
15,7,1,36
#line: 16, #070125
16,7,1,37
#line: 17, #070125
17,7,1,37
#line: 18, #070126
18,7,1,38
#line: 19, #070127
19,7,1,39
#line: 20, #080128
20,8,1,40
#line: 21, #080128
21,8,1,40
#line: 22, #080229
22,8,2,41
#line: 23, #08022A
23,8,2,42
#line: 24, #08022B
24,8,2,43
#line: 25, #08022C
25,8,2,44
#line: 26, #09022C
26,9,2,44
#line: 27, #09022D
27,9,2,45
#line: 28, #09022E
28,9,2,46
#line: 29, #09022F
29,9,2,47
#line: 30, #090230
30,9,2,48
#line: 31, #090230
31,9,2,48
#line: 32, #0A0231
32,10,2,49
#line: 33, #0A0232
33,10,2,50
#line: 34, #0A0233
34,10,2,51
#line: 35, #0A0234
35,10,2,52
#line: 36, #0A0234
36,10,2,52
#line: 37, #0B0335
37,11,3,53
#line: 38, #0B0336
38,11,3,54
#line: 39, #0B0337
39,11,3,55
#line: 40, #0B0338
40,11,3,56
#line: 41, #0B0339
41,11,3,57
#line: 42, #0C0339
42,12,3,57
#line: 43, #0C033A
43,12,3,58
#line: 44, #0C033B
44,12,3,59
#line: 45, #0C033C
45,12,3,60
#line: 46, #0C033D
46,12,3,61
#line: 47, #0C033E
47,12,3,62
#line: 48, #0D033E
48,13,3,62
#line: 49, #0D033F
49,13,3,63
#line: 50, #0D0440
50,13,4,64
#line: 51, #0D0441
51,13,4,65
#line: 52, #0D0442
52,13,4,66
#line: 53, #0E0443
53,14,4,67
#line: 54, #0E0444
54,14,4,68
#line: 55, #0E0445
55,14,4,69
#line: 56, #0E0445
56,14,4,69
#line: 57, #0E0446
57,14,4,70
#line: 58, #0F0447
58,15,4,71
#line: 59, #0F0448
59,15,4,72
#line: 60, #0F0449
60,15,4,73
#line: 61, #0F044A
61,15,4,74
#line: 62, #0F044B
62,15,4,75
#line: 63, #10054C
63,16,5,76
#line: 64, #10054D
64,16,5,77
#line: 65, #10054E
65,16,5,78
#line: 66, #10054F
66,16,5,79
#line: 67, #100550
67,16,5,80
#line: 68, #110550
68,17,5,80
#line: 69, #110551
69,17,5,81
#line: 70, #110552
70,17,5,82
#line: 71, #110553
71,17,5,83
#line: 72, #120554
72,18,5,84
#line: 73, #120555
73,18,5,85
#line: 74, #120556
74,18,5,86
#line: 75, #120657
75,18,6,87
#line: 76, #120658
76,18,6,88
#line: 77, #130659
77,19,6,89
#line: 78, #13065A
78,19,6,90
#line: 79, #13065B
79,19,6,91
#line: 80, #13065C
80,19,6,92
#line: 81, #14065D
81,20,6,93
#line: 82, #14065E
82,20,6,94
#line: 83, #14065F
83,20,6,95
#line: 84, #140660
84,20,6,96
#line: 85, #140661
85,20,6,97
#line: 86, #150662
86,21,6,98
#line: 87, #150763
87,21,7,99
#line: 88, #150764
88,21,7,100
#line: 89, #150765
89,21,7,101
#line: 90, #160766
90,22,7,102
#line: 91, #160767
91,22,7,103
#line: 92, #160768
92,22,7,104
#line: 93, #17086A
93,23,8,106
#line: 94, #18086B
94,24,8,107
#line: 95, #19096C
95,25,9,108
#line: 96, #1A096D
96,26,9,109
#line: 97, #1B0A6F
97,27,10,111
#line: 98, #1C0A70
98,28,10,112
#line: 99, #1D0A71
99,29,10,113
#line: 100, #1E0B72
100,30,11,114
#line: 101, #1F0B74
101,31,11,116
#line: 102, #200C75
102,32,12,117
#line: 103, #210C76
103,33,12,118
#line: 104, #220D77
104,34,13,119
#line: 105, #230D79
105,35,13,121
#line: 106, #240E7A
106,36,14,122
#line: 107, #250E7B
107,37,14,123
#line: 108, #260F7D
108,38,15,125
#line: 109, #270F7E
109,39,15,126
#line: 110, #28107F
110,40,16,127
#line: 111, #291081
111,41,16,129
#line: 112, #2A1182
112,42,17,130
#line: 113, #2B1283
113,43,18,131
#line: 114, #2C1285
114,44,18,133
#line: 115, #2D1386
115,45,19,134
#line: 116, #2E1387
116,46,19,135
#line: 117, #2F1489
117,47,20,137
#line: 118, #30148A
118,48,20,138
#line: 119, #31158C
119,49,21,140
#line: 120, #33158D
120,51,21,141
#line: 121, #34168E
121,52,22,142
#line: 122, #351690
122,53,22,144
#line: 123, #361791
123,54,23,145
#line: 124, #371793
124,55,23,147
#line: 125, #381894
125,56,24,148
#line: 126, #391996
126,57,25,150
#line: 127, #3A1997
127,58,25,151
#line: 128, #3B1A99
128,59,26,153
#line: 129, #3D1A9A
129,61,26,154
#line: 130, #3E1B9C
130,62,27,156
#line: 131, #3F1B9D
131,63,27,157
#line: 132, #401C9F
132,64,28,159
#line: 133, #411DA0
133,65,29,160
#line: 134, #421DA2
134,66,29,162
#line: 135, #441EA3
135,68,30,163
#line: 136, #451EA5
136,69,30,165
#line: 137, #461FA7
137,70,31,167
#line: 138, #4720A8
138,71,32,168
#line: 139, #4920AA
139,73,32,170
#line: 140, #4A21AB
140,74,33,171
#line: 141, #4B22AD
141,75,34,173
#line: 142, #4C22AF
142,76,34,175
#line: 143, #4E23B0
143,78,35,176
#line: 144, #4F23B2
144,79,35,178
#line: 145, #5024B4
145,80,36,180
#line: 146, #5125B5
146,81,37,181
#line: 147, #5325B7
147,83,37,183
#line: 148, #5426B9
148,84,38,185
#line: 149, #5527BA
149,85,39,186
#line: 150, #5727BC
150,87,39,188
#line: 151, #5828BE
151,88,40,190
#line: 152, #5929C0
152,89,41,192
#line: 153, #5B29C1
153,91,41,193
#line: 154, #5C2AC3
154,92,42,195
#line: 155, #5E2AC1
155,94,42,193
#line: 156, #602BBF
156,96,43,191
#line: 157, #632BBE
157,99,43,190
#line: 158, #652BBC
158,101,43,188
#line: 159, #672BBA
159,103,43,186
#line: 160, #692CB8
160,105,44,184
#line: 161, #6B2CB6
161,107,44,182
#line: 162, #6E2CB4
162,110,44,180
#line: 163, #702CB3
163,112,44,179
#line: 164, #722DB1
164,114,45,177
#line: 165, #742DAF
165,116,45,175
#line: 166, #772DAD
166,119,45,173
#line: 167, #792EAB
167,121,46,171
#line: 168, #7B2EA9
168,123,46,169
#line: 169, #7E2EA7
169,126,46,167
#line: 170, #802EA5
170,128,46,165
#line: 171, #822FA3
171,130,47,163
#line: 172, #852FA1
172,133,47,161
#line: 173, #872F9F
173,135,47,159
#line: 174, #8A309D
174,138,48,157
#line: 175, #8C309B
175,140,48,155
#line: 176, #8F3099
176,143,48,153
#line: 177, #913197
177,145,49,151
#line: 178, #943195
178,148,49,149
#line: 179, #973192
179,151,49,146
#line: 180, #993290
180,153,50,144
#line: 181, #9C328E
181,156,50,142
#line: 182, #9F328C
182,159,50,140
#line: 183, #A1328A
183,161,50,138
#line: 184, #A43387
184,164,51,135
#line: 185, #A73385
185,167,51,133
#line: 186, #AA3483
186,170,52,131
#line: 187, #AC3480
187,172,52,128
#line: 188, #AF347E
188,175,52,126
#line: 189, #B2357C
189,178,53,124
#line: 190, #B53579
190,181,53,121
#line: 191, #B83577
191,184,53,119
#line: 192, #BB3674
192,187,54,116
#line: 193, #BE3672
193,190,54,114
#line: 194, #C1366F
194,193,54,111
#line: 195, #C4376D
195,196,55,109
#line: 196, #C6386A
196,198,56,106
#line: 197, #C73968
197,199,57,104
#line: 198, #C83B66
198,200,59,102
#line: 199, #C93D63
199,201,61,99
#line: 200, #CA3E61
200,202,62,97
#line: 201, #CB405F
201,203,64,95
#line: 202, #CC425C
202,204,66,92
#line: 203, #CD445A
203,205,68,90
#line: 204, #CE4658
204,206,70,88
#line: 205, #CF4755
205,207,71,85
#line: 206, #D04953
206,208,73,83
#line: 207, #D14B50
207,209,75,80
#line: 208, #D34D4D
208,211,77,77
#line: 209, #D44F4B
209,212,79,75
#line: 210, #D55148
210,213,81,72
#line: 211, #D65346
211,214,83,70
#line: 212, #D75543
212,215,85,67
#line: 213, #D85740
213,216,87,64
#line: 214, #D9593D
214,217,89,61
#line: 215, #DB5B3A
215,219,91,58
#line: 216, #DC5D38
216,220,93,56
#line: 217, #DD6035
217,221,96,53
#line: 218, #DE6232
218,222,98,50
#line: 219, #E0642F
219,224,100,47
#line: 220, #E1662C
220,225,102,44
#line: 221, #E26928
221,226,105,40
#line: 222, #E46B25
222,228,107,37
#line: 223, #E56D22
223,229,109,34
#line: 224, #E6701F
224,230,112,31
#line: 225, #E7731E
225,231,115,30
#line: 226, #E7751D
226,231,117,29
#line: 227, #E8781B
227,232,120,27
#line: 228, #E87B1A
228,232,123,26
#line: 229, #E87E18
229,232,126,24
#line: 230, #E98117
230,233,129,23
#line: 231, #E98415
231,233,132,21
#line: 232, #EA8713
232,234,135,19
#line: 233, #EA8A12
233,234,138,18
#line: 234, #EB8D10
234,235,141,16
#line: 235, #EC900E
235,236,144,14
#line: 236, #EC940C
236,236,148,12
#line: 237, #ED970B
237,237,151,11
#line: 238, #ED9B09
238,237,155,9
#line: 239, #EE9E07
239,238,158,7
#line: 240, #EEA205
240,238,162,5
#line: 241, #EFA603
241,239,166,3
#line: 242, #F0A901
242,240,169,1
#line: 243, #F1AE03
243,241,174,3
#line: 244, #F2B209
244,242,178,9
#line: 245, #F3B70E
245,243,183,14
#line: 246, #F4BC14
246,244,188,20
#line: 247, #F5C11A
247,245,193,26
#line: 248, #F6C620
248,246,198,32
#line: 249, #F7CC26
249,247,204,38
#line: 250, #F8D12C
250,248,209,44
#line: 251, #FAD733
251,250,215,51
#line: 252, #FBDD3A
252,251,221,58
#line: 253, #FCE341
253,252,227,65
#line: 254, #FEE948
254,254,233,72
#line: 255, #FFF050
255,255,240,80