#log_websdr

#line: 0, #000001
0,0,0,1
#line: 1, #000001
1,0,0,1
#line: 2, #000001
2,0,0,1
#line: 3, #000002
3,0,0,2
#line: 4, #010002
4,1,0,2
#line: 5, #010003
5,1,0,3
#line: 6, #010003
6,1,0,3
#line: 7, #010004
7,1,0,4
#line: 8, #010004
8,1,0,4
#line: 9, #010005
9,1,0,5
#line: 10, #010005
10,1,0,5
#line: 11, #010005
11,1,0,5
#line: 12, #010006
12,1,0,6
#line: 13, #020006
13,2,0,6
#line: 14, #020007
14,2,0,7
#line: 15, #020007
15,2,0,7
#line: 16, #020008
16,2,0,8
#line: 17, #020008
17,2,0,8
#line: 18, #020009
18,2,0,9
#line: 19, #020009
19,2,0,9
#line: 20, #02000A
20,2,0,10
#line: 21, #03000A
21,3,0,10
#line: 22, #03000B
22,3,0,11
#line: 23, #03000B
23,3,0,11
#line: 24, #03000C
24,3,0,12
#line: 25, #03000C
25,3,0,12
#line: 26, #03000D
26,3,0,13
#line: 27, #03000D
27,3,0,13
#line: 28, #03000E
28,3,0,14
#line: 29, #04000E
29,4,0,14
#line: 30, #04000F
30,4,0,15
#line: 31, #04000F
31,4,0,15
#line: 32, #040010
32,4,0,16
#line: 33, #040010
33,4,0,16
#line: 34, #040011
34,4,0,17
#line: 35, #040011
35,4,0,17
#line: 36, #040012
36,4,0,18
#line: 37, #050012
37,5,0,18
#line: 38, #050013
38,5,0,19
#line: 39, #050013
39,5,0,19
#line: 40, #050014
40,5,0,20
#line: 41, #050014
41,5,0,20
#line: 42, #050015
42,5,0,21
#line: 43, #050015
43,5,0,21
#line: 44, #050016
44,5,0,22
#line: 45, #060016
45,6,0,22
#line: 46, #060017
46,6,0,23
#line: 47, #060017
47,6,0,23
#line: 48, #060018
48,6,0,24
#line: 49, #060018
49,6,0,24
#line: 50, #060019
50,6,0,25
#line: 51, #060019
51,6,0,25
#line: 52, #06001A
52,6,0,26
#line: 53, #07001B
53,7,0,27
#line: 54, #07001B
54,7,0,27
#line: 55, #07001C
55,7,0,28
#line: 56, #07001C
56,7,0,28
#line: 57, #07001D
57,7,0,29
#line: 58, #07001D
58,7,0,29
#line: 59, #07001E
59,7,0,30
#line: 60, #08001E
60,8,0,30
#line: 61, #08001F
61,8,0,31
#line: 62, #080020
62,8,0,32
#line: 63, #080020
63,8,0,32
#line: 64, #080021
64,8,0,33
#line: 65, #080021
65,8,0,33
#line: 66, #080022
66,8,0,34
#line: 67, #090022
67,9,0,34
#line: 68, #090023
68,9,0,35
#line: 69, #090024
69,9,0,36
#line: 70, #090024
70,9,0,36
#line: 71, #090025
71,9,0,37
#line: 72, #090025
72,9,0,37
#line: 73, #090026
73,9,0,38
#line: 74, #0A0027
74,10,0,39
#line: 75, #0A0027
75,10,0,39
#line: 76, #0A0028
76,10,0,40
#line: 77, #0A0028
77,10,0,40
#line: 78, #0A0029
78,10,0,41
#line: 79, #0A002A
79,10,0,42
#line: 80, #0B002A
80,11,0,42
#line: 81, #0B002B
81,11,0,43
#line: 82, #0B002C
82,11,0,44
#line: 83, #0B002C
83,11,0,44
#line: 84, #0B002D
84,11,0,45
#line: 85, #0B002D
85,11,0,45
#line: 86, #0C002E
86,12,0,46
#line: 87, #0C002F
87,12,0,47
#line: 88, #0C002F
88,12,0,47
#line: 89, #0C0030
89,12,0,48
#line: 90, #0C0031
90,12,0,49
#line: 91, #0C0031
91,12,0,49
#line: 92, #0C0032
92,12,0,50
#line: 93, #0D0033
93,13,0,51
#line: 94, #0D0033
94,13,0,51
#line: 95, #0D0034
95,13,0,52
#line: 96, #0D0035
96,13,0,53
#line: 97, #0D0035
97,13,0,53
#line: 98, #0E0036
98,14,0,54
#line: 99, #0E0037
99,14,0,55
#line: 100, #0E0037
100,14,0,55
#line: 101, #0E0038
101,14,0,56
#line: 102, #0E0039
102,14,0,57
#line: 103, #0E003A
103,14,0,58
#line: 104, #0F003A
104,15,0,58
#line: 105, #0F003B
105,15,0,59
#line: 106, #0F003C
106,15,0,60
#line: 107, #0F003C
107,15,0,60
#line: 108, #0F003D
108,15,0,61
#line: 109, #0F003E
109,15,0,62
#line: 110, #10003F
110,16,0,63
#line: 111, #10003F
111,16,0,63
#line: 112, #100040
112,16,0,64
#line: 113, #100041
113,16,0,65
#line: 114, #100042
114,16,0,66
#line: 115, #110042
115,17,0,66
#line: 116, #110043
116,17,0,67
#line: 117, #110044
117,17,0,68
#line: 118, #110045
118,17,0,69
#line: 119, #110045
119,17,0,69
#line: 120, #120046
120,18,0,70
#line: 121, #120047
121,18,0,71
#line: 122, #120048
122,18,0,72
#line: 123, #120049
123,18,0,73
#line: 124, #120049
124,18,0,73
#line: 125, #13004A
125,19,0,74
#line: 126, #13004B
126,19,0,75
#line: 127, #13004C
127,19,0,76
#line: 128, #13004D
128,19,0,77
#line: 129, #13004D
129,19,0,77
#line: 130, #14004E
130,20,0,78
#line: 131, #14004F
131,20,0,79
#line: 132, #140050
132,20,0,80
#line: 133, #160152
133,22,1,82
#line: 134, #180153
134,24,1,83
#line: 135, #1B0255
135,27,2,85
#line: 136, #1D0357
136,29,3,87
#line: 137, #1F0359
137,31,3,89
#line: 138, #22045A
138,34,4,90
#line: 139, #24055C
139,36,5,92
#line: 140, #26055E
140,38,5,94
#line: 141, #290660
141,41,6,96
#line: 142, #2B0762
142,43,7,98
#line: 143, #2D0764
143,45,7,100
#line: 144, #300865
144,48,8,101
#line: 145, #320967
145,50,9,103
#line: 146, #350969
146,53,9,105
#line: 147, #370A6B
147,55,10,107
#line: 148, #3A0B6D
148,58,11,109
#line: 149, #3C0B6F
149,60,11,111
#line: 150, #3F0C71
150,63,12,113
#line: 151, #410D73
151,65,13,115
#line: 152, #440E75
152,68,14,117
#line: 153, #470E77
153,71,14,119
#line: 154, #490F79
154,73,15,121
#line: 155, #4C107B
155,76,16,123
#line: 156, #4E117D
156,78,17,125
#line: 157, #51117F
157,81,17,127
#line: 158, #541281
158,84,18,129
#line: 159, #571383
159,87,19,131
#line: 160, #591486
160,89,20,134
#line: 161, #5C1588
161,92,21,136
#line: 162, #5F158A
162,95,21,138
#line: 163, #62168C
163,98,22,140
#line: 164, #65178E
164,101,23,142
#line: 165, #681890
165,104,24,144
#line: 166, #6A1993
166,106,25,147
#line: 167, #6D1A95
167,109,26,149
#line: 168, #701A97
168,112,26,151
#line: 169, #731B9A
169,115,27,154
#line: 170, #761C9C
170,118,28,156
#line: 171, #791D9E
171,121,29,158
#line: 172, #7D1EA1
172,125,30,161
#line: 173, #801FA3
173,128,31,163
#line: 174, #8320A5
174,131,32,165
#line: 175, #8621A8
175,134,33,168
#line: 176, #8921AA
176,137,33,170
#line: 177, #8C22AD
177,140,34,173
#line: 178, #9023AF
178,144,35,175
#line: 179, #9324B2
179,147,36,178
#line: 180, #9625B5
180,150,37,181
#line: 181, #9A26B7
181,154,38,183
#line: 182, #9D27BA
182,157,39,186
#line: 183, #A128BC
183,161,40,188
#line: 184, #A429BF
184,164,41,191
#line: 185, #A82AC2
185,168,42,194
#line: 186, #AB2BC5
186,171,43,197
#line: 187, #AF2CC7
187,175,44,199
#line: 188, #B22DCA
188,178,45,202
#line: 189, #B62ECD
189,182,46,205
#line: 190, #BA2FD0
190,186,47,208
#line: 191, #BE30D3
191,190,48,211
#line: 192, #C132D6
192,193,50,214
#line: 193, #C533D9
193,197,51,217
#line: 194, #C934DC
194,201,52,220
#line: 195, #CD35DF
195,205,53,223
#line: 196, #D136E2
196,209,54,226
#line: 197, #D537E5
197,213,55,229
#line: 198, #D938E8
198,217,56,232
#line: 199, #DE3AEC
199,222,58,236
#line: 200, #E23BEF
200,226,59,239
#line: 201, #E63CF2
201,230,60,242
#line: 202, #E640EF
202,230,64,239
#line: 203, #E744EC
203,231,68,236
#line: 204, #E748E9
204,231,72,233
#line: 205, #E84CE6
205,232,76,230
#line: 206, #E851E3
206,232,81,227
#line: 207, #E955E0
207,233,85,224
#line: 208, #E959DC
208,233,89,220
#line: 209, #E95ED9
209,233,94,217
#line: 210, #EA62D6
210,234,98,214
#line: 211, #EA67D3
211,234,103,211
#line: 212, #EB6BCF
212,235,107,207
#line: 213, #EB70CC
213,235,112,204
#line: 214, #EC75C8
214,236,117,200
#line: 215, #EC79C5
215,236,121,197
#line: 216, #ED7EC1
216,237,126,193
#line: 217, #ED83BD
217,237,131,189
#line: 218, #EE88B9
218,238,136,185
#line: 219, #EF8EB6
219,239,142,182
#line: 220, #EF93B2
220,239,147,178
#line: 221, #F098AE
221,240,152,174
#line: 222, #F09EAA
222,240,158,170
#line: 223, #F1A3A6
223,241,163,166
#line: 224, #F1A9A1
224,241,169,161
#line: 225, #F2AF9D
225,242,175,157
#line: 226, #F3B599
226,243,181,153
#line: 227, #F3BB94
227,243,187,148
#line: 228, #F4C190
228,244,193,144
#line: 229, #F4C78B
229,244,199,139
#line: 230, #F5CE86
230,245,206,134
#line: 231, #F6D481
231,246,212,129
#line: 232, #F7DB7C
232,247,219,124
#line: 233, #F7E277
233,247,226,119
#line: 234, #F8E972
234,248,233,114
#line: 235, #F9F06D
235,249,240,109
#line: 236, #FAF867
236,250,248,103
#line: 237, #FAFC67
237,250,252,103
#line: 238, #FAFC6D
238,250,252,109
#line: 239, #FAFC73
239,250,252,115
#line: 240, #FBFC7A
240,251,252,122
#line: 241, #FBFD81
241,251,253,129
#line: 242, #FBFD88
242,251,253,136
#line: 243, #FBFD8F
243,251,253,143
#line: 244, #FCFD97
244,252,253,151
#line: 245, #FCFD9F
245,252,253,159
#line: 246, #FCFDA7
246,252,253,167
#line: 247, #FCFDAF
247,252,253,175
#line: 248, #FDFEB8
248,253,254,184
#line: 249, #FDFEC1
249,253,254,193
#line: 250, #FDFECA
250,253,254,202
#line: 251, #FEFED4
251,254,254,212
#line: 252, #FEFEDE
252,254,254,222
#line: 253, #FEFFE8
253,254,255,232
#line: 254, #FFFFF3
254,255,255,243
#line: 255, #FFFFFF
255,255,255,255